Generation: 23
err:  [1254775014381.333, 2797802078932.148]
err:  [5629466028205.839, 8617246840548.477]
err:  [2945489856828.6914, 5258849983350.657]
err:  [9001669081448.373, 16175606021217.676]
err:  [26028813342692.227, 50116520867784.72]
err:  [1733608899110.7666, 2846413442395.61]
err:  [4249103169705.7656, 7404093626739.555]
err:  [11054435510184.992, 22385093252960.227]
err:  [1871809590286.1257, 4921037780775.771]
err:  [126918059655494.58, 236660170875636.34]
Fitness:  [[3.67614459e+12]
 [1.25578731e+13]
 [7.32069288e+12]
 [2.24767744e+13]
 [6.83366902e+13]
 [4.05993967e+12]
 [1.03784658e+13]
 [3.01231981e+13]
 [6.23130449e+12]
 [3.25502813e+14]]
[-1.59559931e-15  5.83806468e-16  1.77575130e-05 -2.68529932e-06
 -2.20307205e-08  1.58157297e-09]
[-1.80368911e-15  5.86563514e-16  1.45058391e-05 -2.69336652e-06
 -1.89182483e-08  1.36120128e-09  3.67614459e+12]
[-1.50615671e-15  8.67933937e-16  1.64368178e-05 -2.13436423e-06
 -2.48115757e-08  1.16104313e-09]
[-1.55715765e-15  4.83401650e-16  1.71388262e-05 -1.91320417e-06
 -2.20107387e-08  1.15164615e-09  4.05993967e+12]
This: 
[4.086177834029569e-11, -6.748215907488317e-13, -3.1886596475355127e-13, 5.545389804131212e-11, -1.5056761263361168e-10, -1.7025866220178142e-15, 7.178878901645638e-16, 1.7903307456551112e-05, -2.792867611408326e-06, -1.9790356857252405e-08, 1.48794092610275e-09, ],
[4.988481899053406e-11, -8.016792963925714e-13, -2.6705477658005955e-13, 5.6314576559446504e-11, -1.2126029399361903e-10, -1.803689110960647e-15, 5.865635144678368e-16, 1.4505839069254082e-05, -2.6933665226846337e-06, -1.891824832249182e-08, 1.3612012812427648e-09, ],
[4.174877921256437e-11, -9.417973620124859e-13, -2.727190156451329e-13, 7.404980397425864e-11, -1.3948142283572242e-10, -1.557157647713334e-15, 4.834016504043271e-16, 1.7138826241014613e-05, -1.913204170823258e-06, -2.201073870416428e-08, 1.1516461531991325e-09, ],
[3.7131865249137885e-11, -1.1005746123355436e-12, -3.280422604675321e-13, 5.896964309341507e-11, -1.1165004215673641e-10, -1.6513235830037882e-15, 5.756437643961509e-16, 1.6397083440839943e-05, -2.1471821592254888e-06, -2.6262109401285428e-08, 1.4290448749242749e-09, ],
[3.8743853670200985e-11, -9.220246297337032e-13, -2.719143818323433e-13, 5.220005977366227e-11, -1.2164887947529686e-10, -1.4168249756786498e-15, 4.767407627861916e-16, 1.2165083086656675e-05, -2.216022101605183e-06, -1.4753780146471138e-08, 1.032137702477752e-09, ],
[4.5508350770245006e-11, -6.711878317087802e-13, -2.468953589687093e-13, 4.586414489062738e-11, -1.2496004292904027e-10, -2.0120276597566302e-15, 7.135362085896178e-16, 1.388938325715296e-05, -2.6161824404409407e-06, -2.079199746836705e-08, 1.3469994651767129e-09, ],
[6.401529665941206e-11, -7.101372922730575e-13, -2.6278380671341763e-13, 5.098059741800996e-11, -1.3350988093311215e-10, -1.5061567088907e-15, 8.679339371065464e-16, 1.6436817791944812e-05, -2.1343642333155325e-06, -2.4811575701474108e-08, 1.161043132506454e-09, ],
[4.5875790687744845e-11, -7.458765013888733e-13, -2.450792411888803e-13, 5.966979314285774e-11, -1.1448830738308152e-10, -1.5955993128699283e-15, 5.83806468407014e-16, 1.7757512977456933e-05, -2.6852993223858466e-06, -2.203072051894326e-08, 1.5815729684472953e-09, ],
[3.370748030467983e-11, -5.498873288580696e-13, -2.897738175044184e-13, 5.87014135020192e-11, -1.5140309245833366e-10, -1.4023717739284595e-15, 8.895002188322458e-16, 2.0686111223675403e-05, -2.109537297268257e-06, -2.3576004474183192e-08, 1.4512129520076514e-09, ],
[5.7809048414870864e-11, -8.348595414730186e-13, -2.4166305835081747e-13, 6.092036382527532e-11, -1.381338453755123e-10, -2.007054574824157e-15, 4.52512039156738e-16, 1.1599603075084404e-05, -2.212263585930398e-06, -2.317222312981298e-08, 1.190183017018835e-09, ],
dim:  (10, 11)

Generation: 24
err:  [1871809590286.1257, 4921037780775.771]
err:  [1254775014381.333, 2797802078932.148]
err:  [1733608899110.7666, 2846413442395.61]
err:  [9001669081448.373, 16175606021217.676]
err:  [4249103169705.7656, 7404093626739.555]
err:  [2945489856828.6914, 5258849983350.657]
err:  [5629466028205.839, 8617246840548.477]
err:  [11054435510184.992, 22385093252960.227]
err:  [32464940926604.8, 63538737154067.375]
err:  [8345144733338.516, 13067661691398.342]
Fitness:  [[6.23130449e+12]
 [3.67614459e+12]
 [4.05993967e+12]
 [2.24767744e+13]
 [1.03784658e+13]
 [7.32069288e+12]
 [1.25578731e+13]
 [3.01231981e+13]
 [8.62641958e+13]
 [1.89092630e+13]]
[-1.70258662e-15  7.17887890e-16  1.79033075e-05 -2.79286761e-06
 -1.97903569e-08  1.48794093e-09]
[-1.41682498e-15  4.76740763e-16  1.21650831e-05 -2.21602210e-06
 -1.47537801e-08  1.03213770e-09  1.03784658e+13]
[-1.69592199e-15  1.03607269e-15  1.35491907e-05 -2.36603890e-06
 -2.68081811e-08  9.03737173e-10]
[-1.70258662e-15  7.17887890e-16  1.79033075e-05 -2.79286761e-06
 -1.97903569e-08  1.48794093e-09  6.23130449e+12]
This: 
[3.370748030467983e-11, -5.498873288580696e-13, -2.897738175044184e-13, 5.87014135020192e-11, -1.5140309245833366e-10, -1.4023717739284595e-15, 8.895002188322458e-16, 2.0686111223675403e-05, -2.109537297268257e-06, -2.3576004474183192e-08, 1.4512129520076514e-09, ],
[3.8743853670200985e-11, -9.220246297337032e-13, -2.719143818323433e-13, 5.220005977366227e-11, -1.2164887947529686e-10, -1.4168249756786498e-15, 4.767407627861916e-16, 1.2165083086656675e-05, -2.216022101605183e-06, -1.4753780146471138e-08, 1.032137702477752e-09, ],
[4.086177834029569e-11, -6.748215907488317e-13, -3.1886596475355127e-13, 5.545389804131212e-11, -1.5056761263361168e-10, -1.7025866220178142e-15, 7.178878901645638e-16, 1.7903307456551112e-05, -2.792867611408326e-06, -1.9790356857252405e-08, 1.48794092610275e-09, ],
[4.988481899053406e-11, -8.016792963925714e-13, -2.6705477658005955e-13, 5.6314576559446504e-11, -1.2126029399361903e-10, -1.803689110960647e-15, 5.865635144678368e-16, 1.4505839069254082e-05, -2.6933665226846337e-06, -1.891824832249182e-08, 1.3612012812427648e-09, ],
[4.5875790687744845e-11, -7.458765013888733e-13, -2.450792411888803e-13, 5.966979314285774e-11, -1.1448830738308152e-10, -1.5955993128699283e-15, 5.83806468407014e-16, 1.7757512977456933e-05, -2.6852993223858466e-06, -2.203072051894326e-08, 1.5815729684472953e-09, ],
[6.401529665941206e-11, -7.101372922730575e-13, -2.6278380671341763e-13, 5.098059741800996e-11, -1.3350988093311215e-10, -1.5061567088907e-15, 8.679339371065464e-16, 1.6436817791944812e-05, -2.1343642333155325e-06, -2.4811575701474108e-08, 1.161043132506454e-09, ],
[4.174877921256437e-11, -9.417973620124859e-13, -2.727190156451329e-13, 7.404980397425864e-11, -1.3948142283572242e-10, -1.557157647713334e-15, 4.834016504043271e-16, 1.7138826241014613e-05, -1.913204170823258e-06, -2.201073870416428e-08, 1.1516461531991325e-09, ],
[3.7131865249137885e-11, -1.1005746123355436e-12, -3.280422604675321e-13, 5.896964309341507e-11, -1.1165004215673641e-10, -1.6513235830037882e-15, 5.756437643961509e-16, 1.6397083440839943e-05, -2.1471821592254888e-06, -2.6262109401285428e-08, 1.4290448749242749e-09, ],
[4.0565917949750126e-11, -4.811848723052519e-13, -3.138414917603944e-13, 6.815424529627224e-11, -1.7147300251794774e-10, -1.1826896216518814e-15, 1.0179861473232416e-15, 2.4628877515440193e-05, -2.4305259761361953e-06, -2.728065441233139e-08, 1.1761524153420138e-09, ],
[3.187777404645102e-11, -1.057183388996563e-12, -3.1995538684784053e-13, 4.598109882297791e-11, -1.5021650900729208e-10, -1.759744797294048e-15, 5.27414017035195e-16, 1.160111517698299e-05, -2.148254691752437e-06, -1.4505972892115353e-08, 8.024880224919717e-10, ],
dim:  (10, 11)

Generation: 25
err:  [32464940926604.8, 63538737154067.375]
err:  [4249103169705.7656, 7404093626739.555]
err:  [1871809590286.1257, 4921037780775.771]
err:  [1254775014381.333, 2797802078932.148]
err:  [11054435510184.992, 22385093252960.227]
err:  [5629466028205.839, 8617246840548.477]
err:  [1733608899110.7666, 2846413442395.61]
err:  [9001669081448.373, 16175606021217.676]
err:  [15695158450655.438, 28755261520168.707]
err:  [41959949771916.766, 75065406889986.97]
Fitness:  [[8.62641958e+13]
 [1.03784658e+13]
 [6.23130449e+12]
 [3.67614459e+12]
 [3.01231981e+13]
 [1.25578731e+13]
 [4.05993967e+12]
 [2.24767744e+13]
 [3.97418724e+13]
 [1.04437372e+14]]
[-1.40237177e-15  8.89500219e-16  2.06861112e-05 -2.10953730e-06
 -2.35760045e-08  1.45121295e-09]
[-1.55715765e-15  4.83401650e-16  1.71388262e-05 -1.91320417e-06
 -2.20107387e-08  1.15164615e-09  4.05993967e+12]
[-2.00705457e-15  4.52512039e-16  1.15996031e-05 -2.21226359e-06
 -2.31722231e-08  1.19018302e-09]
[-1.65132358e-15  5.75643764e-16  1.63970834e-05 -2.14718216e-06
 -2.62621094e-08  1.42904487e-09  2.24767744e+13]
This: 
[3.8743853670200985e-11, -9.220246297337032e-13, -2.719143818323433e-13, 5.220005977366227e-11, -1.2164887947529686e-10, -1.4168249756786498e-15, 4.767407627861916e-16, 1.2165083086656675e-05, -2.216022101605183e-06, -1.4753780146471138e-08, 1.032137702477752e-09, ],
[4.174877921256437e-11, -9.417973620124859e-13, -2.727190156451329e-13, 7.404980397425864e-11, -1.3948142283572242e-10, -1.557157647713334e-15, 4.834016504043271e-16, 1.7138826241014613e-05, -1.913204170823258e-06, -2.201073870416428e-08, 1.1516461531991325e-09, ],
[3.7131865249137885e-11, -1.1005746123355436e-12, -3.280422604675321e-13, 5.896964309341507e-11, -1.1165004215673641e-10, -1.6513235830037882e-15, 5.756437643961509e-16, 1.6397083440839943e-05, -2.1471821592254888e-06, -2.6262109401285428e-08, 1.4290448749242749e-09, ],
[4.086177834029569e-11, -6.748215907488317e-13, -3.1886596475355127e-13, 5.545389804131212e-11, -1.5056761263361168e-10, -1.7025866220178142e-15, 7.178878901645638e-16, 1.7903307456551112e-05, -2.792867611408326e-06, -1.9790356857252405e-08, 1.48794092610275e-09, ],
[4.988481899053406e-11, -8.016792963925714e-13, -2.6705477658005955e-13, 5.6314576559446504e-11, -1.2126029399361903e-10, -1.803689110960647e-15, 5.865635144678368e-16, 1.4505839069254082e-05, -2.6933665226846337e-06, -1.891824832249182e-08, 1.3612012812427648e-09, ],
[4.0565917949750126e-11, -4.811848723052519e-13, -3.138414917603944e-13, 6.815424529627224e-11, -1.7147300251794774e-10, -1.1826896216518814e-15, 1.0179861473232416e-15, 2.4628877515440193e-05, -2.4305259761361953e-06, -2.728065441233139e-08, 1.1761524153420138e-09, ],
[6.401529665941206e-11, -7.101372922730575e-13, -2.6278380671341763e-13, 5.098059741800996e-11, -1.3350988093311215e-10, -1.5061567088907e-15, 8.679339371065464e-16, 1.6436817791944812e-05, -2.1343642333155325e-06, -2.4811575701474108e-08, 1.161043132506454e-09, ],
[3.370748030467983e-11, -5.498873288580696e-13, -2.897738175044184e-13, 5.87014135020192e-11, -1.5140309245833366e-10, -1.4023717739284595e-15, 8.895002188322458e-16, 2.0686111223675403e-05, -2.109537297268257e-06, -2.3576004474183192e-08, 1.4512129520076514e-09, ],
[4.145092717273316e-11, -9.301744056040454e-13, -2.5874168887338167e-13, 5.2976439592156655e-11, -1.0511417629790627e-10, -1.7456138532315705e-15, 4.143538569243571e-16, 9.553277697743325e-06, -2.5425576174592277e-06, -1.767241870307985e-08, 1.2323372735638729e-09, ],
[4.670615324720509e-11, -8.570611201432948e-13, -2.283249708935352e-13, 7.25620084632395e-11, -1.7090551162183316e-10, -1.8230682123992993e-15, 4.961520275120972e-16, 1.833058896778331e-05, -1.4895421074724877e-06, -2.2069804652620362e-08, 1.0188345894538938e-09, ],
dim:  (10, 11)

Generation: 26
err:  [4249103169705.7656, 7404093626739.555]
err:  [1733608899110.7666, 2846413442395.61]
err:  [9001669081448.373, 16175606021217.676]
err:  [1871809590286.1257, 4921037780775.771]
err:  [1254775014381.333, 2797802078932.148]
err:  [15695158450655.438, 28755261520168.707]
err:  [5629466028205.839, 8617246840548.477]
err:  [32464940926604.8, 63538737154067.375]
err:  [7416098836128.685, 13616704124010.893]
err:  [5241270746802.591, 10084993135221.71]
Fitness:  [[1.03784658e+13]
 [4.05993967e+12]
 [2.24767744e+13]
 [6.23130449e+12]
 [3.67614459e+12]
 [3.97418724e+13]
 [1.25578731e+13]
 [8.62641958e+13]
 [1.88079733e+13]
 [1.37538827e+13]]
[-1.18268962e-15  1.01798615e-15  2.46288775e-05 -2.43052598e-06
 -2.72806544e-08  1.17615242e-09]
[-1.41682498e-15  4.76740763e-16  1.21650831e-05 -2.21602210e-06
 -1.47537801e-08  1.03213770e-09  1.03784658e+13]
[-1.75974480e-15  5.27414017e-16  1.16011152e-05 -2.14825469e-06
 -1.45059729e-08  8.02488022e-10]
[-1.80368911e-15  5.86563514e-16  1.45058391e-05 -2.69336652e-06
 -1.89182483e-08  1.36120128e-09  3.67614459e+12]
This: 
[4.145092717273316e-11, -9.301744056040454e-13, -2.5874168887338167e-13, 5.2976439592156655e-11, -1.0511417629790627e-10, -1.7456138532315705e-15, 4.143538569243571e-16, 9.553277697743325e-06, -2.5425576174592277e-06, -1.767241870307985e-08, 1.2323372735638729e-09, ],
[3.8743853670200985e-11, -9.220246297337032e-13, -2.719143818323433e-13, 5.220005977366227e-11, -1.2164887947529686e-10, -1.4168249756786498e-15, 4.767407627861916e-16, 1.2165083086656675e-05, -2.216022101605183e-06, -1.4753780146471138e-08, 1.032137702477752e-09, ],
[4.988481899053406e-11, -8.016792963925714e-13, -2.6705477658005955e-13, 5.6314576559446504e-11, -1.2126029399361903e-10, -1.803689110960647e-15, 5.865635144678368e-16, 1.4505839069254082e-05, -2.6933665226846337e-06, -1.891824832249182e-08, 1.3612012812427648e-09, ],
[3.7131865249137885e-11, -1.1005746123355436e-12, -3.280422604675321e-13, 5.896964309341507e-11, -1.1165004215673641e-10, -1.6513235830037882e-15, 5.756437643961509e-16, 1.6397083440839943e-05, -2.1471821592254888e-06, -2.6262109401285428e-08, 1.4290448749242749e-09, ],
[4.0565917949750126e-11, -4.811848723052519e-13, -3.138414917603944e-13, 6.815424529627224e-11, -1.7147300251794774e-10, -1.1826896216518814e-15, 1.0179861473232416e-15, 2.4628877515440193e-05, -2.4305259761361953e-06, -2.728065441233139e-08, 1.1761524153420138e-09, ],
[4.086177834029569e-11, -6.748215907488317e-13, -3.1886596475355127e-13, 5.545389804131212e-11, -1.5056761263361168e-10, -1.7025866220178142e-15, 7.178878901645638e-16, 1.7903307456551112e-05, -2.792867611408326e-06, -1.9790356857252405e-08, 1.48794092610275e-09, ],
[4.174877921256437e-11, -9.417973620124859e-13, -2.727190156451329e-13, 7.404980397425864e-11, -1.3948142283572242e-10, -1.557157647713334e-15, 4.834016504043271e-16, 1.7138826241014613e-05, -1.913204170823258e-06, -2.201073870416428e-08, 1.1516461531991325e-09, ],
[4.670615324720509e-11, -8.570611201432948e-13, -2.283249708935352e-13, 7.25620084632395e-11, -1.7090551162183316e-10, -1.8230682123992993e-15, 4.961520275120972e-16, 1.833058896778331e-05, -1.4895421074724877e-06, -2.2069804652620362e-08, 1.0188345894538938e-09, ],
[3.6958071408303555e-11, -9.447903967637787e-13, -2.5067052900025714e-13, 4.81381602107151e-11, -9.568608711104754e-11, -1.370990390469043e-15, 3.6823459765212806e-16, 8.629705277238788e-06, -2.200690922207893e-06, -1.3593385654240303e-08, 9.848980287945372e-10, ],
[4.4187186793725114e-11, -1.1488114160103296e-12, -2.976368736566232e-13, 6.050426580078233e-11, -1.0569827169598669e-10, -1.139060316561557e-15, 4.387819473057153e-16, 1.1253376455213501e-05, -1.9389110795503747e-06, -1.2623594317826158e-08, 9.79676553262419e-10, ],