

------------------------------
Generation 0
Initial Population: 
[-1.02336435e-11, -1.45622660e-12, -2.60396603e-13, 4.25574810e-11, -2.66601058e-10, -1.50924744e-15, 9.07737157e-16, 3.29190875e-05, -1.88600344e-06, -2.09634539e-08, 9.20897384e-10, 1.52138417e+11, 6.66558707e+10, 2.18794288e+11]
[-5.97421110e-11, -1.45855331e-12, -3.51601383e-13, 4.62701478e-11, -1.98055708e-10, -1.62554189e-15, 6.76371186e-16, 2.29729265e-05, -1.76849517e-06, -1.55167847e-08, 8.48167887e-10, 1.59969306e+11, 9.16842864e+10, 2.51653593e+11]
[-7.80073686e-11, -1.28097978e-12, -2.27886330e-13, 3.66454211e-11, -1.49828035e-10, -1.83669770e-15, 1.00803798e-15, 2.29423303e-05, -2.04721003e-06, -1.61739275e-08, 9.98214034e-10, 1.98752271e+10, 2.84816656e+11, 3.04691883e+11]
[, 0.00000000e+00, -1.45799022e-12, -2.28980078e-13, 4.62010753e-11, -1.75214813e-10, -2.29122252e-15, 6.81785308e-16, 2.29423303e-05, -2.04721003e-06, -1.59792834e-08, 9.98214034e-10, 8.66757629e+10, 2.23537684e+11, 3.10213447e+11]
[-6.21693117e-11, -2.01830553e-12, -2.96745569e-13, 4.70280174e-11, -1.97422320e-10, -2.26103072e-15, 6.07924349e-16, 1.17762055e-05, -2.09083851e-06, -1.54979944e-08, 1.09258282e-09, 4.79751381e+11, 5.68424592e+11, 1.04817597e+12]
[-3.93019043e-11, -9.72419547e-13, -2.34227895e-13, 5.39371083e-11, -1.04230393e-10, -6.53352374e-16, 1.03175988e-15, 3.02337846e-05, -1.36478708e-06, -1.61596140e-08, 6.58553956e-10, 8.23635635e+11, 2.47532277e+12, 3.29895840e+12]
[, 1.24923667e-12, -1.09824094e-12, -2.48067724e-13, 4.61982690e-11, -1.14718692e-10, -1.04098236e-15, 8.60117857e-16, 2.82111486e-05, -2.67478718e-06, -1.71391850e-08, 1.10074304e-09, 7.23345196e+12, 1.22897279e+13, 1.95231798e+13]
[-3.30682751e-12, -1.43130767e-12, -2.48379224e-13, 2.79715452e-11, -9.46819262e-11, -2.78949999e-15, 4.02144169e-16, 2.36009304e-05, -2.74515043e-06, -1.62859413e-08, 1.17254356e-09, 9.99171960e+12, 1.52924214e+13, 2.52841410e+13]
[-4.28669619e-11, -1.53493980e-12, -4.29085137e-14, 2.45479337e-11, -3.53876483e-10, -1.06348568e-15, 1.48761183e-15, 3.20544819e-05, -1.17357596e-06, -1.36608358e-08, 2.98626357e-10, 1.56267024e+13, 2.38678746e+13, 3.94945770e+13]
[-6.30774465e-11, -1.33161517e-12, -4.20607993e-13, 5.56270887e-11, -2.15320989e-10, -1.66412052e-15, 6.94173438e-16, 1.82782185e-05, -1.40280073e-06, -2.22074102e-08, 1.07292114e-09, 1.71592446e+13, 3.40548051e+13, 5.12140496e+13]
[-7.37755466e-11, -9.17485529e-13, -2.35100863e-13, 4.88654487e-11, -1.48497196e-10, -1.32238339e-15, 1.51617521e-15, 3.13055632e-05, -1.79727478e-06, -1.61680427e-08, 6.02827707e-10, 1.97777578e+13, 3.19754924e+13, 5.17532502e+13]
[-2.91146549e-11, -8.10959271e-13, 6.38199211e-14, 1.71264393e-11, -5.63470669e-10, -7.80041602e-16, 1.75532189e-15, 2.47576857e-05, -1.15744758e-06, -1.27248836e-08, 2.95371612e-10, 2.12760836e+13, 3.51933824e+13, 5.64694660e+13]
[-1.20457617e-10, -1.15183317e-12, -5.65817256e-13, 2.11438195e-11, -2.95406326e-10, -4.71539634e-16, 8.44472634e-16, 1.21672023e-05, -3.41337198e-07, -2.43898067e-08, 2.88261983e-10, 2.46550502e+13, 3.68361344e+13, 6.14911846e+13]
[-7.46698711e-11, -1.72310680e-12, -1.43405234e-13, 4.80501125e-11, -1.07497240e-10, -2.02006880e-15, 9.85365244e-16, 2.36032556e-05, -1.18366634e-06, -2.14456758e-08, 1.01603333e-09, 3.54462660e+13, 7.41424911e+13, 1.09588757e+14]
[, 8.81288789e-11, -1.45799022e-12, -1.87802892e-13, 4.87828966e-11, -2.13645663e-10, -2.14837619e-15, 6.28722183e-16, 2.29423303e-05, -2.04721003e-06, -1.24372920e-08, 1.21827602e-09, 3.67052157e+13, 7.85182799e+13, 1.15223496e+14]
[, 0.00000000e+00, -1.32681085e-12, -1.73817111e-13, 4.14212809e-11, -2.13645663e-10, -1.51971202e-15, 1.06566867e-15, 1.61300241e-05, -2.15408435e-06, -1.82889346e-08, 1.45173279e-09, 4.44376488e+13, 8.79337716e+13, 1.32371420e+14]
[-7.83670121e-11, -7.24295336e-13, -2.27273199e-13, 2.06199957e-11, -1.25665399e-10, -2.78603367e-15, 1.00422527e-15, 1.59896441e-05, -1.36358642e-06, -1.25538718e-08, 1.02467172e-09, 4.21259096e+13, 9.18069867e+13, 1.33932896e+14]
[-9.42661737e-12, -1.09390644e-12, -3.45460487e-13, 3.47223977e-11, -3.72558621e-10, -2.03480715e-15, 7.09477251e-16, 2.10655721e-05, -1.80508151e-06, -2.05704017e-08, 6.75210060e-10, 5.09760313e+13, 8.81137368e+13, 1.39089768e+14]
[-6.03319931e-11, -1.34179119e-12, -3.52772903e-13, 3.15734046e-11, -1.98273284e-10, -1.62962922e-15, 8.48581443e-16, 1.94226468e-05, -9.75770198e-07, -8.13086183e-09, 7.87555602e-10, 6.56746373e+13, 1.38160141e+14, 2.03834778e+14]
[-6.36311547e-11, -1.46113504e-12, -5.56988365e-13, 4.02161430e-11, -1.62145282e-10, -1.44516358e-15, 5.15332677e-16, 2.25597102e-05, -1.90560013e-06, -9.97124582e-09, 1.22579208e-09, 7.89404877e+13, 1.59914314e+14, 2.38854802e+14]

After Selection: 
[[-1.02336435e-11, -1.45622660e-12, -2.60396603e-13, 4.25574810e-11, -2.66601058e-10, -1.50924744e-15, 9.07737157e-16, 3.29190875e-05, -1.88600344e-06, -2.09634539e-08, 9.20897384e-10, 1.52138417e+11, 6.66558707e+10, 2.18794288e+11], [-5.97421110e-11, -1.45855331e-12, -3.51601383e-13, 4.62701478e-11, -1.98055708e-10, -1.62554189e-15, 6.76371186e-16, 2.29729265e-05, -1.76849517e-06, -1.55167847e-08, 8.48167887e-10, 1.59969306e+11, 9.16842864e+10, 2.51653593e+11], [-7.80073686e-11, -1.28097978e-12, -2.27886330e-13, 3.66454211e-11, -1.49828035e-10, -1.83669770e-15, 1.00803798e-15, 2.29423303e-05, -2.04721003e-06, -1.61739275e-08, 9.98214034e-10, 1.98752271e+10, 2.84816656e+11, 3.04691883e+11]]
[[-1.02336435e-11, -1.45622660e-12, -2.60396603e-13, 4.25574810e-11, -2.66601058e-10, -1.50924744e-15, 9.07737157e-16, 3.29190875e-05, -1.88600344e-06, -2.09634539e-08, 9.20897384e-10, 1.52138417e+11, 6.66558707e+10, 2.18794288e+11], [-5.97421110e-11, -1.45855331e-12, -3.51601383e-13, 4.62701478e-11, -1.98055708e-10, -1.62554189e-15, 6.76371186e-16, 2.29729265e-05, -1.76849517e-06, -1.55167847e-08, 8.48167887e-10, 1.59969306e+11, 9.16842864e+10, 2.51653593e+11], [-7.80073686e-11, -1.28097978e-12, -2.27886330e-13, 3.66454211e-11, -1.49828035e-10, -1.83669770e-15, 1.00803798e-15, 2.29423303e-05, -2.04721003e-06, -1.61739275e-08, 9.98214034e-10, 1.98752271e+10, 2.84816656e+11, 3.04691883e+11]]
[[-1.02336435e-11, -1.45622660e-12, -2.60396603e-13, 4.25574810e-11, -2.66601058e-10, -1.50924744e-15, 9.07737157e-16, 3.29190875e-05, -1.88600344e-06, -2.09634539e-08, 9.20897384e-10, 1.52138417e+11, 6.66558707e+10, 2.18794288e+11], [-5.97421110e-11, -1.45855331e-12, -3.51601383e-13, 4.62701478e-11, -1.98055708e-10, -1.62554189e-15, 6.76371186e-16, 2.29729265e-05, -1.76849517e-06, -1.55167847e-08, 8.48167887e-10, 1.59969306e+11, 9.16842864e+10, 2.51653593e+11], [-7.80073686e-11, -1.28097978e-12, -2.27886330e-13, 3.66454211e-11, -1.49828035e-10, -1.83669770e-15, 1.00803798e-15, 2.29423303e-05, -2.04721003e-06, -1.61739275e-08, 9.98214034e-10, 1.98752271e+10, 2.84816656e+11, 3.04691883e+11]]
[[-1.02336435e-11, -1.45622660e-12, -2.60396603e-13, 4.25574810e-11, -2.66601058e-10, -1.50924744e-15, 9.07737157e-16, 3.29190875e-05, -1.88600344e-06, -2.09634539e-08, 9.20897384e-10, 1.52138417e+11, 6.66558707e+10, 2.18794288e+11], [-5.97421110e-11, -1.45855331e-12, -3.51601383e-13, 4.62701478e-11, -1.98055708e-10, -1.62554189e-15, 6.76371186e-16, 2.29729265e-05, -1.76849517e-06, -1.55167847e-08, 8.48167887e-10, 1.59969306e+11, 9.16842864e+10, 2.51653593e+11], [-7.80073686e-11, -1.28097978e-12, -2.27886330e-13, 3.66454211e-11, -1.49828035e-10, -1.83669770e-15, 1.00803798e-15, 2.29423303e-05, -2.04721003e-06, -1.61739275e-08, 9.98214034e-10, 1.98752271e+10, 2.84816656e+11, 3.04691883e+11]]
[[-1.02336435e-11, -1.45622660e-12, -2.60396603e-13, 4.25574810e-11, -2.66601058e-10, -1.50924744e-15, 9.07737157e-16, 3.29190875e-05, -1.88600344e-06, -2.09634539e-08, 9.20897384e-10, 1.52138417e+11, 6.66558707e+10, 2.18794288e+11], [-5.97421110e-11, -1.45855331e-12, -3.51601383e-13, 4.62701478e-11, -1.98055708e-10, -1.62554189e-15, 6.76371186e-16, 2.29729265e-05, -1.76849517e-06, -1.55167847e-08, 8.48167887e-10, 1.59969306e+11, 9.16842864e+10, 2.51653593e+11], [-7.80073686e-11, -1.28097978e-12, -2.27886330e-13, 3.66454211e-11, -1.49828035e-10, -1.83669770e-15, 1.00803798e-15, 2.29423303e-05, -2.04721003e-06, -1.61739275e-08, 9.98214034e-10, 1.98752271e+10, 2.84816656e+11, 3.04691883e+11]]
[[-1.02336435e-11, -1.45622660e-12, -2.60396603e-13, 4.25574810e-11, -2.66601058e-10, -1.50924744e-15, 9.07737157e-16, 3.29190875e-05, -1.88600344e-06, -2.09634539e-08, 9.20897384e-10, 1.52138417e+11, 6.66558707e+10, 2.18794288e+11], [-5.97421110e-11, -1.45855331e-12, -3.51601383e-13, 4.62701478e-11, -1.98055708e-10, -1.62554189e-15, 6.76371186e-16, 2.29729265e-05, -1.76849517e-06, -1.55167847e-08, 8.48167887e-10, 1.59969306e+11, 9.16842864e+10, 2.51653593e+11], [-7.80073686e-11, -1.28097978e-12, -2.27886330e-13, 3.66454211e-11, -1.49828035e-10, -1.83669770e-15, 1.00803798e-15, 2.29423303e-05, -2.04721003e-06, -1.61739275e-08, 9.98214034e-10, 1.98752271e+10, 2.84816656e+11, 3.04691883e+11]]

After Crossover: 
[, 0.00000000e+00, -1.45799022e-12, -2.28980078e-13, 4.62010753e-11, -1.75214813e-10, -2.29122252e-15, 6.81785308e-16, 2.29423303e-05, -2.04721003e-06, -1.59792834e-08, 9.98214034e-10]
[-6.21693117e-11, -2.01830553e-12, -2.96745569e-13, 4.70280174e-11, -1.97422320e-10, -2.26103072e-15, 6.07924349e-16, 1.17762055e-05, -2.09083851e-06, -1.54979944e-08, 1.09258282e-09]
[-5.97421110e-11, -1.45855331e-12, -3.51601383e-13, 4.62701478e-11, -1.98055708e-10, -1.62554189e-15, 6.76371186e-16, 2.29729265e-05, -1.76849517e-06, -1.55167847e-08, 8.48167887e-10]
[-6.21693117e-11, -2.01830553e-12, -2.96745569e-13, 4.70280174e-11, -1.97422320e-10, -2.26103072e-15, 6.07924349e-16, 1.17762055e-05, -2.09083851e-06, -1.54979944e-08, 1.09258282e-09]
[-6.21693117e-11, -2.01830553e-12, -2.96745569e-13, 4.70280174e-11, -1.97422320e-10, -2.26103072e-15, 6.07924349e-16, 1.17762055e-05, -2.09083851e-06, -1.54979944e-08, 1.09258282e-09]
[-7.80073686e-11, -1.28097978e-12, -2.27886330e-13, 3.66454211e-11, -1.49828035e-10, -1.83669770e-15, 1.00803798e-15, 2.29423303e-05, -2.04721003e-06, -1.61739275e-08, 9.98214034e-10]
[-7.80073686e-11, -1.28097978e-12, -2.27886330e-13, 3.66454211e-11, -1.49828035e-10, -1.83669770e-15, 1.00803798e-15, 2.29423303e-05, -2.04721003e-06, -1.61739275e-08, 9.98214034e-10]
[-6.21693117e-11, -2.01830553e-12, -2.96745569e-13, 4.70280174e-11, -1.97422320e-10, -2.26103072e-15, 6.07924349e-16, 1.17762055e-05, -2.09083851e-06, -1.54979944e-08, 1.09258282e-09]
[-5.97421110e-11, -1.45855331e-12, -3.51601383e-13, 4.62701478e-11, -1.98055708e-10, -1.62554189e-15, 6.76371186e-16, 2.29729265e-05, -1.76849517e-06, -1.55167847e-08, 8.48167887e-10]
[-1.02336435e-11, -1.45622660e-12, -2.60396603e-13, 4.25574810e-11, -2.66601058e-10, -1.50924744e-15, 9.07737157e-16, 3.29190875e-05, -1.88600344e-06, -2.09634539e-08, 9.20897384e-10]
[-5.97421110e-11, -1.45855331e-12, -3.51601383e-13, 4.62701478e-11, -1.98055708e-10, -1.62554189e-15, 6.76371186e-16, 2.29729265e-05, -1.76849517e-06, -1.55167847e-08, 8.48167887e-10]
[-7.80073686e-11, -1.28097978e-12, -2.27886330e-13, 3.66454211e-11, -1.49828035e-10, -1.83669770e-15, 1.00803798e-15, 2.29423303e-05, -2.04721003e-06, -1.61739275e-08, 9.98214034e-10]
[-3.93019043e-11, -9.72419547e-13, -2.34227895e-13, 5.39371083e-11, -1.04230393e-10, -6.53352374e-16, 1.03175988e-15, 3.02337846e-05, -1.36478708e-06, -1.61596140e-08, 6.58553956e-10]
[-1.02336435e-11, -1.45622660e-12, -2.60396603e-13, 4.25574810e-11, -2.66601058e-10, -1.50924744e-15, 9.07737157e-16, 3.29190875e-05, -1.88600344e-06, -2.09634539e-08, 9.20897384e-10]
[, 0.00000000e+00, -1.45799022e-12, -2.28980078e-13, 4.62010753e-11, -1.75214813e-10, -2.29122252e-15, 6.81785308e-16, 2.29423303e-05, -2.04721003e-06, -1.59792834e-08, 9.98214034e-10]
[-5.97421110e-11, -1.45855331e-12, -3.51601383e-13, 4.62701478e-11, -1.98055708e-10, -1.62554189e-15, 6.76371186e-16, 2.29729265e-05, -1.76849517e-06, -1.55167847e-08, 8.48167887e-10]
[-7.80073686e-11, -1.28097978e-12, -2.27886330e-13, 3.66454211e-11, -1.49828035e-10, -1.83669770e-15, 1.00803798e-15, 2.29423303e-05, -2.04721003e-06, -1.61739275e-08, 9.98214034e-10]
[, 0.00000000e+00, -1.45799022e-12, -2.28980078e-13, 4.62010753e-11, -1.75214813e-10, -2.29122252e-15, 6.81785308e-16, 2.29423303e-05, -2.04721003e-06, -1.59792834e-08, 9.98214034e-10]
[-1.02336435e-11, -1.45622660e-12, -2.60396603e-13, 4.25574810e-11, -2.66601058e-10, -1.50924744e-15, 9.07737157e-16, 3.29190875e-05, -1.88600344e-06, -2.09634539e-08, 9.20897384e-10]
[-7.80073686e-11, -1.28097978e-12, -2.27886330e-13, 3.66454211e-11, -1.49828035e-10, -1.83669770e-15, 1.00803798e-15, 2.29423303e-05, -2.04721003e-06, -1.61739275e-08, 9.98214034e-10]

After Mutation: 
[, 5.25288494e-12, -9.38429671e-13, -1.23269420e-13, 4.61312043e-11, -2.11237603e-10, -1.67259820e-15, 6.88026058e-16, 3.43203775e-05, -1.75310494e-06, -1.13240429e-08, 6.29419558e-10]
[-6.74221967e-11, -1.03292487e-12, -2.99670982e-13, 5.44531457e-11, -1.99298704e-10, -2.70441555e-15, 6.01683600e-16, 7.77005321e-06, -1.26156702e-06, -1.53337329e-08, 1.10055635e-09]
[-5.20023585e-11, -1.11700387e-12, -2.14881091e-13, 4.62895013e-11, -1.73706851e-10, -1.62268092e-15, 9.98491986e-16, 1.72023351e-05, -1.77672676e-06, -1.93209953e-08, 1.08431230e-09]
[-6.21073290e-11, -2.00401129e-12, -2.98146407e-13, 5.64854875e-11, -1.86263817e-10, -1.26700572e-15, 4.41987689e-16, 1.24062055e-05, -2.08260692e-06, -1.54984742e-08, 1.01515751e-09]
[-5.43294591e-11, -3.42741580e-12, -3.30830955e-13, 7.46889056e-11, -1.36530326e-10, -2.47107595e-15, 4.09867737e-16, 7.15320809e-06, -2.49851946e-06, -1.51634068e-08, 1.13929546e-09]
[-5.70017655e-11, -5.67111424e-13, -2.51572952e-13, 3.15060264e-11, -1.83497460e-10, -1.28226993e-15, 1.76679127e-15, 3.21558247e-05, -1.66760274e-06, -1.65085150e-08, 6.10006039e-10]
[-7.64153314e-11, -1.58005253e-12, -1.99542827e-13, 5.37208486e-11, -1.54612200e-10, -2.41061107e-15, 9.67818666e-16, 2.18199145e-05, -2.05159555e-06, -1.23093582e-08, 8.72039949e-10]
[-8.21866332e-11, -1.94418974e-12, -2.65913668e-13, 2.31610844e-11, -1.29925265e-10, -2.21837688e-15, 4.94500924e-16, 1.28986213e-05, -2.08645299e-06, -8.19646617e-09, 9.66552303e-10]
[-5.03224954e-11, -1.45860916e-12, -3.53790640e-13, 6.26664874e-11, -2.66878254e-10, -1.60491637e-15, 6.70817535e-16, 2.03324380e-05, -2.57545076e-06, -1.70269714e-08, 6.96077285e-10]
[-6.09095669e-12, -1.67461970e-12, -1.48933060e-13, 4.55123346e-11, -2.65272661e-10, -1.50645594e-15, 1.35557162e-15, 3.31578327e-05, -1.64276797e-06, -2.10941944e-08, 9.22643165e-10]
[-6.08466501e-11, -1.91193745e-12, -3.52949692e-13, 4.14005421e-11, -1.98581318e-10, -1.62324061e-15, 6.83481377e-16, 3.39184304e-05, -1.40720192e-06, -2.22240762e-08, 8.46532608e-10]
[-4.90129456e-11, -1.27904449e-12, -2.26538021e-13, 3.65405260e-11, -1.49302425e-10, -2.01503730e-15, 1.01165265e-15, 2.29419968e-05, -2.05024761e-06, -1.61810894e-08, 9.99849313e-10]
[-3.89058386e-11, -1.40599178e-12, -2.75850062e-13, 7.90660097e-11, -1.06442753e-10, -6.65014258e-16, 1.09558968e-15, 3.02703728e-05, -1.37188884e-06, -2.35899433e-08, 4.99962570e-10]
[-1.58993448e-11, -1.44963455e-12, -2.60040045e-13, 4.27125326e-11, -2.99313995e-10, -1.86370620e-15, 9.09427012e-16, 3.28824993e-05, -1.87890168e-06, -1.52870479e-08, 9.83664446e-10]
[-3.30136905e-12, -1.68164197e-12, -2.35756172e-13, 4.62048923e-11, -1.76477009e-10, -2.25443679e-15, 1.00889368e-15, 2.29440211e-05, -2.03180815e-06, -1.59537256e-08, 8.25736257e-10]
[-5.64407420e-11, -1.44780721e-12, -3.44825289e-13, 4.62663309e-11, -1.17411989e-10, -1.66232762e-15, 4.94747837e-16, 3.04356862e-05, -2.39319527e-06, -1.22919315e-08, 8.56459487e-10]
[-9.06858649e-11, -1.77173270e-12, -2.27708564e-13, 2.12943351e-11, -1.63943437e-10, -1.76282402e-15, 1.06106365e-15, 1.74378910e-05, -1.49802404e-06, -1.54536095e-08, 8.39098939e-10]
[, 9.38763916e-12, -1.48675963e-12, -2.39271031e-13, 2.82879722e-11, -1.79340913e-10, -2.72546983e-15, 6.07693376e-16, 2.10844715e-05, -1.17846759e-06, -2.20132501e-08, 9.98214034e-10]
[-2.12284626e-11, -1.45014395e-12, -2.00333630e-13, 6.07154717e-11, -2.47657164e-10, -1.56236915e-15, 9.36328640e-16, 2.84399884e-05, -2.03107377e-06, -2.01864570e-08, 9.33440336e-10]
[-1.00446848e-10, -1.33980279e-12, -1.86988484e-13, 3.76045248e-11, -9.97828708e-11, -1.14386788e-15, 9.91766344e-16, 2.45608431e-05, -2.56176756e-06, -1.69509244e-08, 9.85671082e-10]


------------------------------
Generation 1
Initial Population: 
[-1.02336435e-11, -1.45622660e-12, -2.60396603e-13, 4.25574810e-11, -2.66601058e-10, -1.50924744e-15, 9.07737157e-16, 3.29190875e-05, -1.88600344e-06, -2.09634539e-08, 9.20897384e-10, 1.52138417e+11, 6.66558707e+10, 2.18794288e+11]
[-5.97421110e-11, -1.45855331e-12, -3.51601383e-13, 4.62701478e-11, -1.98055708e-10, -1.62554189e-15, 6.76371186e-16, 2.29729265e-05, -1.76849517e-06, -1.55167847e-08, 8.48167887e-10, 1.59969306e+11, 9.16842864e+10, 2.51653593e+11]
[-4.90129456e-11, -1.27904449e-12, -2.26538021e-13, 3.65405260e-11, -1.49302425e-10, -2.01503730e-15, 1.01165265e-15, 2.29419968e-05, -2.05024761e-06, -1.61810894e-08, 9.99849313e-10, 4.54113720e+10, 2.36142127e+11, 2.81553499e+11]
[-7.80073686e-11, -1.28097978e-12, -2.27886330e-13, 3.66454211e-11, -1.49828035e-10, -1.83669770e-15, 1.00803798e-15, 2.29423303e-05, -2.04721003e-06, -1.61739275e-08, 9.98214034e-10, 1.98752271e+10, 2.84816656e+11, 3.04691883e+11]
[, 0.00000000e+00, -1.45799022e-12, -2.28980078e-13, 4.62010753e-11, -1.75214813e-10, -2.29122252e-15, 6.81785308e-16, 2.29423303e-05, -2.04721003e-06, -1.59792834e-08, 9.98214034e-10, 8.66757629e+10, 2.23537684e+11, 3.10213447e+11]
[-8.21866332e-11, -1.94418974e-12, -2.65913668e-13, 2.31610844e-11, -1.29925265e-10, -2.21837688e-15, 4.94500924e-16, 1.28986213e-05, -2.08645299e-06, -8.19646617e-09, 9.66552303e-10, 1.27324764e+11, 1.11225049e+12, 1.23957525e+12]
[, 5.25288494e-12, -9.38429671e-13, -1.23269420e-13, 4.61312043e-11, -2.11237603e-10, -1.67259820e-15, 6.88026058e-16, 3.43203775e-05, -1.75310494e-06, -1.13240429e-08, 6.29419558e-10, 1.85902745e+12, 8.37642552e+11, 2.69667000e+12]
[-9.06858649e-11, -1.77173270e-12, -2.27708564e-13, 2.12943351e-11, -1.63943437e-10, -1.76282402e-15, 1.06106365e-15, 1.74378910e-05, -1.49802404e-06, -1.54536095e-08, 8.39098939e-10, 1.05881195e+12, 2.67943133e+12, 3.73824328e+12]
[-6.21073290e-11, -2.00401129e-12, -2.98146407e-13, 5.64854875e-11, -1.86263817e-10, -1.26700572e-15, 4.41987689e-16, 1.24062055e-05, -2.08260692e-06, -1.54984742e-08, 1.01515751e-09, 2.13164761e+12, 3.51285630e+12, 5.64450391e+12]
[-7.64153314e-11, -1.58005253e-12, -1.99542827e-13, 5.37208486e-11, -1.54612200e-10, -2.41061107e-15, 9.67818666e-16, 2.18199145e-05, -2.05159555e-06, -1.23093582e-08, 8.72039949e-10, 2.84188212e+12, 3.11433230e+12, 5.95621442e+12]
[-2.12284626e-11, -1.45014395e-12, -2.00333630e-13, 6.07154717e-11, -2.47657164e-10, -1.56236915e-15, 9.36328640e-16, 2.84399884e-05, -2.03107377e-06, -2.01864570e-08, 9.33440336e-10, 3.59829483e+12, 5.13862399e+12, 8.73691882e+12]
[-5.20023585e-11, -1.11700387e-12, -2.14881091e-13, 4.62895013e-11, -1.73706851e-10, -1.62268092e-15, 9.98491986e-16, 1.72023351e-05, -1.77672676e-06, -1.93209953e-08, 1.08431230e-09, 4.20055820e+12, 8.83371220e+12, 1.30342704e+13]
[-6.09095669e-12, -1.67461970e-12, -1.48933060e-13, 4.55123346e-11, -2.65272661e-10, -1.50645594e-15, 1.35557162e-15, 3.31578327e-05, -1.64276797e-06, -2.10941944e-08, 9.22643165e-10, 3.69167406e+12, 9.50269629e+12, 1.31943704e+13]
[-6.08466501e-11, -1.91193745e-12, -3.52949692e-13, 4.14005421e-11, -1.98581318e-10, -1.62324061e-15, 6.83481377e-16, 3.39184304e-05, -1.40720192e-06, -2.22240762e-08, 8.46532608e-10, 4.27256970e+12, 1.08934466e+13, 1.51660163e+13]
[-5.70017655e-11, -5.67111424e-13, -2.51572952e-13, 3.15060264e-11, -1.83497460e-10, -1.28226993e-15, 1.76679127e-15, 3.21558247e-05, -1.66760274e-06, -1.65085150e-08, 6.10006039e-10, 9.60291597e+12, 1.42732952e+13, 2.38762112e+13]
[-5.64407420e-11, -1.44780721e-12, -3.44825289e-13, 4.62663309e-11, -1.17411989e-10, -1.66232762e-15, 4.94747837e-16, 3.04356862e-05, -2.39319527e-06, -1.22919315e-08, 8.56459487e-10, 1.03398073e+13, 1.46045871e+13, 2.49443945e+13]
[-3.30136905e-12, -1.68164197e-12, -2.35756172e-13, 4.62048923e-11, -1.76477009e-10, -2.25443679e-15, 1.00889368e-15, 2.29440211e-05, -2.03180815e-06, -1.59537256e-08, 8.25736257e-10, 1.40705084e+13, 2.18145058e+13, 3.58850142e+13]
[-1.58993448e-11, -1.44963455e-12, -2.60040045e-13, 4.27125326e-11, -2.99313995e-10, -1.86370620e-15, 9.09427012e-16, 3.28824993e-05, -1.87890168e-06, -1.52870479e-08, 9.83664446e-10, 1.12613509e+13, 2.64842955e+13, 3.77456464e+13]
[-5.43294591e-11, -3.42741580e-12, -3.30830955e-13, 7.46889056e-11, -1.36530326e-10, -2.47107595e-15, 4.09867737e-16, 7.15320809e-06, -2.49851946e-06, -1.51634068e-08, 1.13929546e-09, 1.59580057e+13, 2.76912817e+13, 4.36492874e+13]
[-1.00446848e-10, -1.33980279e-12, -1.86988484e-13, 3.76045248e-11, -9.97828708e-11, -1.14386788e-15, 9.91766344e-16, 2.45608431e-05, -2.56176756e-06, -1.69509244e-08, 9.85671082e-10, 2.20244620e+13, 3.95978302e+13, 6.16222922e+13]

After Selection: 
[[-1.02336435e-11, -1.45622660e-12, -2.60396603e-13, 4.25574810e-11, -2.66601058e-10, -1.50924744e-15, 9.07737157e-16, 3.29190875e-05, -1.88600344e-06, -2.09634539e-08, 9.20897384e-10, 1.52138417e+11, 6.66558707e+10, 2.18794288e+11], [-5.97421110e-11, -1.45855331e-12, -3.51601383e-13, 4.62701478e-11, -1.98055708e-10, -1.62554189e-15, 6.76371186e-16, 2.29729265e-05, -1.76849517e-06, -1.55167847e-08, 8.48167887e-10, 1.59969306e+11, 9.16842864e+10, 2.51653593e+11], [-4.90129456e-11, -1.27904449e-12, -2.26538021e-13, 3.65405260e-11, -1.49302425e-10, -2.01503730e-15, 1.01165265e-15, 2.29419968e-05, -2.05024761e-06, -1.61810894e-08, 9.99849313e-10, 4.54113720e+10, 2.36142127e+11, 2.81553499e+11]]
[[-1.02336435e-11, -1.45622660e-12, -2.60396603e-13, 4.25574810e-11, -2.66601058e-10, -1.50924744e-15, 9.07737157e-16, 3.29190875e-05, -1.88600344e-06, -2.09634539e-08, 9.20897384e-10, 1.52138417e+11, 6.66558707e+10, 2.18794288e+11], [-5.97421110e-11, -1.45855331e-12, -3.51601383e-13, 4.62701478e-11, -1.98055708e-10, -1.62554189e-15, 6.76371186e-16, 2.29729265e-05, -1.76849517e-06, -1.55167847e-08, 8.48167887e-10, 1.59969306e+11, 9.16842864e+10, 2.51653593e+11], [-4.90129456e-11, -1.27904449e-12, -2.26538021e-13, 3.65405260e-11, -1.49302425e-10, -2.01503730e-15, 1.01165265e-15, 2.29419968e-05, -2.05024761e-06, -1.61810894e-08, 9.99849313e-10, 4.54113720e+10, 2.36142127e+11, 2.81553499e+11]]
[[-1.02336435e-11, -1.45622660e-12, -2.60396603e-13, 4.25574810e-11, -2.66601058e-10, -1.50924744e-15, 9.07737157e-16, 3.29190875e-05, -1.88600344e-06, -2.09634539e-08, 9.20897384e-10, 1.52138417e+11, 6.66558707e+10, 2.18794288e+11], [-5.97421110e-11, -1.45855331e-12, -3.51601383e-13, 4.62701478e-11, -1.98055708e-10, -1.62554189e-15, 6.76371186e-16, 2.29729265e-05, -1.76849517e-06, -1.55167847e-08, 8.48167887e-10, 1.59969306e+11, 9.16842864e+10, 2.51653593e+11], [-4.90129456e-11, -1.27904449e-12, -2.26538021e-13, 3.65405260e-11, -1.49302425e-10, -2.01503730e-15, 1.01165265e-15, 2.29419968e-05, -2.05024761e-06, -1.61810894e-08, 9.99849313e-10, 4.54113720e+10, 2.36142127e+11, 2.81553499e+11]]
[[-1.02336435e-11, -1.45622660e-12, -2.60396603e-13, 4.25574810e-11, -2.66601058e-10, -1.50924744e-15, 9.07737157e-16, 3.29190875e-05, -1.88600344e-06, -2.09634539e-08, 9.20897384e-10, 1.52138417e+11, 6.66558707e+10, 2.18794288e+11], [-5.97421110e-11, -1.45855331e-12, -3.51601383e-13, 4.62701478e-11, -1.98055708e-10, -1.62554189e-15, 6.76371186e-16, 2.29729265e-05, -1.76849517e-06, -1.55167847e-08, 8.48167887e-10, 1.59969306e+11, 9.16842864e+10, 2.51653593e+11], [-4.90129456e-11, -1.27904449e-12, -2.26538021e-13, 3.65405260e-11, -1.49302425e-10, -2.01503730e-15, 1.01165265e-15, 2.29419968e-05, -2.05024761e-06, -1.61810894e-08, 9.99849313e-10, 4.54113720e+10, 2.36142127e+11, 2.81553499e+11]]
[[-1.02336435e-11, -1.45622660e-12, -2.60396603e-13, 4.25574810e-11, -2.66601058e-10, -1.50924744e-15, 9.07737157e-16, 3.29190875e-05, -1.88600344e-06, -2.09634539e-08, 9.20897384e-10, 1.52138417e+11, 6.66558707e+10, 2.18794288e+11], [-5.97421110e-11, -1.45855331e-12, -3.51601383e-13, 4.62701478e-11, -1.98055708e-10, -1.62554189e-15, 6.76371186e-16, 2.29729265e-05, -1.76849517e-06, -1.55167847e-08, 8.48167887e-10, 1.59969306e+11, 9.16842864e+10, 2.51653593e+11], [-4.90129456e-11, -1.27904449e-12, -2.26538021e-13, 3.65405260e-11, -1.49302425e-10, -2.01503730e-15, 1.01165265e-15, 2.29419968e-05, -2.05024761e-06, -1.61810894e-08, 9.99849313e-10, 4.54113720e+10, 2.36142127e+11, 2.81553499e+11]]
[[-1.02336435e-11, -1.45622660e-12, -2.60396603e-13, 4.25574810e-11, -2.66601058e-10, -1.50924744e-15, 9.07737157e-16, 3.29190875e-05, -1.88600344e-06, -2.09634539e-08, 9.20897384e-10, 1.52138417e+11, 6.66558707e+10, 2.18794288e+11], [-5.97421110e-11, -1.45855331e-12, -3.51601383e-13, 4.62701478e-11, -1.98055708e-10, -1.62554189e-15, 6.76371186e-16, 2.29729265e-05, -1.76849517e-06, -1.55167847e-08, 8.48167887e-10, 1.59969306e+11, 9.16842864e+10, 2.51653593e+11], [-4.90129456e-11, -1.27904449e-12, -2.26538021e-13, 3.65405260e-11, -1.49302425e-10, -2.01503730e-15, 1.01165265e-15, 2.29419968e-05, -2.05024761e-06, -1.61810894e-08, 9.99849313e-10, 4.54113720e+10, 2.36142127e+11, 2.81553499e+11]]

After Crossover: 
[-4.90129456e-11, -1.27904449e-12, -2.26538021e-13, 3.65405260e-11, -1.49302425e-10, -2.01503730e-15, 1.01165265e-15, 2.29419968e-05, -2.05024761e-06, -1.61810894e-08, 9.99849313e-10]
[-1.02336435e-11, -1.45622660e-12, -2.60396603e-13, 4.25574810e-11, -2.66601058e-10, -1.50924744e-15, 9.07737157e-16, 3.29190875e-05, -1.88600344e-06, -2.09634539e-08, 9.20897384e-10]
[-5.97421110e-11, -1.45855331e-12, -3.51601383e-13, 4.62701478e-11, -1.98055708e-10, -1.62554189e-15, 6.76371186e-16, 2.29729265e-05, -1.76849517e-06, -1.55167847e-08, 8.48167887e-10]
[-1.02336435e-11, -1.45622660e-12, -2.60396603e-13, 4.25574810e-11, -2.66601058e-10, -1.50924744e-15, 9.07737157e-16, 3.29190875e-05, -1.88600344e-06, -2.09634539e-08, 9.20897384e-10]
[-5.97421110e-11, -1.45855331e-12, -3.51601383e-13, 4.62701478e-11, -1.98055708e-10, -1.62554189e-15, 6.76371186e-16, 2.29729265e-05, -1.76849517e-06, -1.55167847e-08, 8.48167887e-10]
[-7.80073686e-11, -1.28097978e-12, -2.27886330e-13, 3.66454211e-11, -1.49828035e-10, -1.83669770e-15, 1.00803798e-15, 2.29423303e-05, -2.04721003e-06, -1.61739275e-08, 9.98214034e-10]
[-7.80073686e-11, -1.28097978e-12, -2.27886330e-13, 3.66454211e-11, -1.49828035e-10, -1.83669770e-15, 1.00803798e-15, 2.29423303e-05, -2.04721003e-06, -1.61739275e-08, 9.98214034e-10]
[-8.21866332e-11, -1.94418974e-12, -2.65913668e-13, 2.31610844e-11, -1.29925265e-10, -2.21837688e-15, 4.94500924e-16, 1.28986213e-05, -2.08645299e-06, -8.19646617e-09, 9.66552303e-10]
[-7.80073686e-11, -1.28097978e-12, -2.27886330e-13, 3.66454211e-11, -1.49828035e-10, -1.83669770e-15, 1.00803798e-15, 2.29423303e-05, -2.04721003e-06, -1.61739275e-08, 9.98214034e-10]
[-4.90129456e-11, -1.27904449e-12, -2.26538021e-13, 3.65405260e-11, -1.49302425e-10, -2.01503730e-15, 1.01165265e-15, 2.29419968e-05, -2.05024761e-06, -1.61810894e-08, 9.99849313e-10]
[-8.21866332e-11, -1.94418974e-12, -2.65913668e-13, 2.31610844e-11, -1.29925265e-10, -2.21837688e-15, 4.94500924e-16, 1.28986213e-05, -2.08645299e-06, -8.19646617e-09, 9.66552303e-10]
[-7.80073686e-11, -1.28097978e-12, -2.27886330e-13, 3.66454211e-11, -1.49828035e-10, -1.83669770e-15, 1.00803798e-15, 2.29423303e-05, -2.04721003e-06, -1.61739275e-08, 9.98214034e-10]
[, 0.00000000e+00, -1.45799022e-12, -2.28980078e-13, 4.62010753e-11, -1.75214813e-10, -2.29122252e-15, 6.81785308e-16, 2.29423303e-05, -2.04721003e-06, -1.59792834e-08, 9.98214034e-10]
[-7.80073686e-11, -1.28097978e-12, -2.27886330e-13, 3.66454211e-11, -1.49828035e-10, -1.83669770e-15, 1.00803798e-15, 2.29423303e-05, -2.04721003e-06, -1.61739275e-08, 9.98214034e-10]
[-1.02336435e-11, -1.45622660e-12, -2.60396603e-13, 4.25574810e-11, -2.66601058e-10, -1.50924744e-15, 9.07737157e-16, 3.29190875e-05, -1.88600344e-06, -2.09634539e-08, 9.20897384e-10]
[-7.80073686e-11, -1.28097978e-12, -2.27886330e-13, 3.66454211e-11, -1.49828035e-10, -1.83669770e-15, 1.00803798e-15, 2.29423303e-05, -2.04721003e-06, -1.61739275e-08, 9.98214034e-10]
[-4.90129456e-11, -1.27904449e-12, -2.26538021e-13, 3.65405260e-11, -1.49302425e-10, -2.01503730e-15, 1.01165265e-15, 2.29419968e-05, -2.05024761e-06, -1.61810894e-08, 9.99849313e-10]
[-7.80073686e-11, -1.28097978e-12, -2.27886330e-13, 3.66454211e-11, -1.49828035e-10, -1.83669770e-15, 1.00803798e-15, 2.29423303e-05, -2.04721003e-06, -1.61739275e-08, 9.98214034e-10]
[-4.90129456e-11, -1.27904449e-12, -2.26538021e-13, 3.65405260e-11, -1.49302425e-10, -2.01503730e-15, 1.01165265e-15, 2.29419968e-05, -2.05024761e-06, -1.61810894e-08, 9.99849313e-10]
[-7.80073686e-11, -1.28097978e-12, -2.27886330e-13, 3.66454211e-11, -1.49828035e-10, -1.83669770e-15, 1.00803798e-15, 2.29423303e-05, -2.04721003e-06, -1.61739275e-08, 9.98214034e-10]

After Mutation: 
[-4.19764784e-11, -1.29096839e-12, -2.43433821e-13, 5.15170104e-11, -8.81131773e-11, -1.98099896e-15, 1.00465941e-15, 2.17091923e-05, -1.36621107e-06, -1.65029300e-08, 6.29719002e-10]
[-1.28433893e-11, -1.38491566e-12, -1.35236558e-13, 5.61571286e-11, -2.58707166e-10, -1.54328578e-15, 6.46411235e-16, 2.63925708e-05, -1.89705664e-06, -1.96113429e-08, 1.33005114e-09]
[-5.65909123e-11, -1.45840521e-12, -3.45796227e-13, 4.60338377e-11, -2.90195327e-10, -2.14861094e-15, 5.81619020e-16, 3.44143906e-05, -9.05744647e-07, -1.55030022e-08, 7.88459007e-10]
[-1.33848423e-11, -1.45637470e-12, -2.66201759e-13, 4.27937911e-11, -1.45845235e-10, -1.51664955e-15, 1.08176278e-15, 3.35644957e-05, -1.84357450e-06, -2.06167751e-08, 9.16268174e-10]
[-8.07588971e-11, -1.49657725e-12, -3.47872267e-13, 3.22937800e-11, -1.51549778e-10, -1.63190671e-15, 6.51677031e-16, 2.29720042e-05, -2.05335587e-06, -1.55365929e-08, 1.06524047e-09]
[-7.74568029e-11, -1.28633234e-12, -2.31615446e-13, 4.22127705e-11, -9.56755511e-11, -1.83033288e-15, 9.98040620e-16, 2.35343903e-05, -2.03880879e-06, -2.23575993e-08, 9.93691226e-10]
[-7.82700673e-11, -1.32266759e-12, -2.30276638e-13, 3.02550701e-11, -1.35510772e-10, -1.19637429e-15, 1.19000672e-15, 3.18453310e-05, -2.66850691e-06, -1.56724832e-08, 9.96223853e-10]
[-7.06851258e-11, -1.37493712e-12, -2.91908914e-13, 2.42012254e-11, -1.16017684e-10, -2.89021544e-15, 6.98162943e-16, 1.18483193e-05, -2.08398627e-06, -5.30868640e-09, 1.28224538e-09]
[-7.74998803e-11, -1.85367245e-12, -2.27771015e-13, 3.66364499e-11, -1.91536071e-10, -1.86580653e-15, 1.48211351e-15, 2.29423018e-05, -1.44048248e-06, -1.61745400e-08, 1.00480013e-09]
[-5.14927053e-11, -6.53562875e-13, -2.26653335e-13, 5.22317406e-11, -2.05429703e-10, -1.99978474e-15, 5.12356549e-16, 2.29420254e-05, -2.04998782e-06, -1.08336994e-08, 9.99709455e-10]
[-1.02136645e-10, -2.91145452e-12, -4.42242245e-13, 5.07224298e-12, -6.29858785e-11, -2.77504045e-15, -2.24077021e-16, -1.74972001e-06, -2.03636909e-06, 3.43833695e-09, 9.35342360e-10]
[-7.19120810e-11, -3.13715005e-13, -2.04745600e-13, 5.80429989e-11, -1.78855417e-10, -1.28003413e-15, 1.52476149e-15, 3.48820047e-05, -1.98997577e-06, -1.67100378e-08, 1.04439138e-09]
[-4.96881231e-12, -1.44952926e-12, -2.72341745e-13, 4.57443227e-11, -1.02604244e-10, -2.50162040e-15, 8.45660588e-16, 2.29423303e-05, -2.04721003e-06, -1.75603057e-08, 1.15071716e-09]
[-7.42786793e-11, -1.28944074e-12, -2.27938610e-13, 2.82312875e-11, -7.94542165e-11, -1.62735061e-15, 1.31629385e-15, 2.29423303e-05, -2.77490016e-06, -9.91275139e-09, 9.98214034e-10]
[-2.07928072e-11, -1.42892310e-12, -2.55331494e-13, 4.16363805e-11, -2.48407791e-10, -9.57174214e-16, 1.36636275e-15, 3.13647062e-05, -1.91111947e-06, -1.21938355e-08, 9.32943338e-10]
[-6.67436234e-11, -1.30828328e-12, -1.32798456e-13, 5.58587203e-11, -1.53131679e-10, -1.78568087e-15, 7.67410195e-16, 2.44967116e-05, -2.82368806e-06, -1.69201369e-08, 9.86168080e-10]
[-4.15975414e-11, -1.18579627e-12, -2.20226984e-13, 2.43398682e-11, -8.75224989e-11, -2.87609910e-15, 1.00390858e-15, 2.29420178e-05, -2.05005633e-06, -1.60742541e-08, 9.99746342e-10]
[-7.61816286e-11, -9.45683990e-13, -2.27801429e-13, 2.20076323e-11, -1.49794938e-10, -1.58209974e-15, 1.00826559e-15, 2.29423093e-05, -2.87676372e-06, -9.32646038e-09, 1.39587202e-09]
[-5.31443269e-11, -8.69247928e-13, -2.26730140e-13, 5.13819054e-11, -1.58705038e-10, -2.86433136e-15, 9.53048996e-16, 2.29420444e-05, -1.03548524e-06, -9.50139854e-09, 1.14986388e-09]
[-7.43191138e-11, -1.84289437e-12, -2.27694211e-13, 1.85097033e-11, -1.97237386e-10, -1.93742792e-15, 1.00855303e-15, 2.29422828e-05, -1.74247106e-06, -1.61749480e-08, 7.76051124e-10]
