INITIAL POPULATION
[ 3.871990838609719e-09, -1.6418746442929332e-12, -6.569802103929952e-11, 2.2954805641874336e-11, -2.625483255390138e-10, -2.3258055213031815e-15, 1.107203770486554e-15, 1.3269564041965774e-05, -2.2524206148353264e-06, -9.312613249094208e-09, 1.0183985029287346e-09, ]
[ 1.1545033671253255e-08, -1.6184009307067586e-12, -3.1606739552798644e-11, 5.59835283879149e-11, -2.2293045176183976e-10, -1.7583591957363527e-15, 6.364922171167193e-16, 1.6083190252155923e-05, -2.465531227983224e-06, -1.05039129345849e-08, 1.1236318782283366e-09, ]
[ -9.653049801615194e-09, -5.085084080939686e-13, -5.193227542834144e-10, 2.2150208996551937e-11, -7.153939837526577e-11, -1.2818990188541566e-15, 3.857311573958039e-10, 7.746383356715923e-06, -2.1353914725327557e-06, -2.441545193116338e-09, 8.528722362329383e-10, ]
[ 9.466560623375734e-09, -1.4487425861042743e-12, -4.248830704478935e-11, 3.033527635517917e-11, -2.8047589746109834e-10, -2.129696285694938e-15, 6.485640082212606e-16, 1.911682507970913e-05, -3.5850466925484995e-06, -5.575180664639156e-09, 1.491807484673436e-09, ]
[ -8.857338155546692e-09, -5.078129263433435e-13, -4.797201123249927e-10, 1.011705366318591e-11, -3.067051530448128e-11, -1.0268246758851658e-15, 3.562605977586428e-10, 7.940503411030008e-06, -1.1171982025836137e-06, -9.835818345979923e-10, 3.172715323166025e-10, ]
[ -6.592972180185579e-11, -1.9510465228606693e-12, -2.923968057889044e-13, 3.217251390611483e-11, -7.154638778162205e-11, -1.977217270371902e-15, 1.6272762965508542e-15, 2.2541180287050764e-05, -2.631105836160539e-06, -8.212833382542587e-09, 1.165575947597691e-09, ]
[ 2.2701150794332676e-08, -2.2851323799080795e-12, -2.5604990608894757e-11, 5.552862360027885e-11, -1.0528555709352093e-10, -1.2073501477455282e-15, 1.8309972699947825e-15, 1.0520473036931992e-05, -2.1319680174847028e-06, -9.845346168322042e-09, 8.624896903897621e-10, ]
[ -9.967288644492704e-09, -8.104302501147816e-13, -5.252234785534995e-10, 9.929900211538703e-12, -7.105449466490162e-11, -2.0397881416816833e-15, 3.907053139086441e-10, 7.709740849141371e-06, -2.9971111707487654e-06, -2.8873865975378726e-09, 9.995053236403704e-10, ]
[ 9.452196187287432e-09, -6.641004517474112e-13, -1.1678814596586385e-11, 3.9318276662493256e-11, -6.057553047453938e-10, -1.823081996672914e-15, 6.513520735584595e-17, 6.7841280441664755e-06, -2.596213317238411e-06, -5.371818288531108e-09, 8.344857401135138e-10, ]
[ 2.5185561217646837e-08, -3.5026413967929773e-12, -5.584042862576382e-11, 5.514995293111094e-11, -3.7988268757902994e-11, -2.218231727739454e-15, -4.4116572109665515e-12, 1.0624530826625593e-05, -3.2513174515396553e-06, -1.5070800308955743e-08, 9.847631454043876e-10, ]

Generation:  1


------------------------------

Generation 1

Initial Population: 


Fitness: 

[3.78882760e+11 5.90712672e+11 8.55930604e+11]
[2.24169535e+11 9.08574821e+11 1.06549350e+12]
[5.40567374e+11 7.21053278e+11 1.09945044e+12]
[2.74674976e+12 3.05016295e+12 4.97288778e+12]
[3.68860093e+12 4.85026736e+12 7.43228801e+12]
[3.08661976e+12 6.79094825e+12 8.95158209e+12]
[8.63725937e+12 1.51901060e+13 2.12361875e+13]
[3.46876460e+13 6.09388879e+13 8.52202401e+13]
[4.66889740e+13 8.39553778e+13 1.16637660e+14]
[1.75938405e+14 3.29080637e+14 4.52237520e+14]

After Selection: 

[ 3.87199084e-09 -1.64187464e-12 -6.56980210e-11  2.29548056e-11
 -2.62548326e-10 -2.32580552e-15  1.10720377e-15  1.32695640e-05
 -2.25242061e-06 -9.31261325e-09  1.01839850e-09]
[ 1.15450337e-08 -1.61840093e-12 -3.16067396e-11  5.59835284e-11
 -2.22930452e-10 -1.75835920e-15  6.36492217e-16  1.60831903e-05
 -2.46553123e-06 -1.05039129e-08  1.12363188e-09]
[-9.65304980e-09 -5.08508408e-13 -5.19322754e-10  2.21502090e-11
 -7.15393984e-11 -1.28189902e-15  3.85731157e-10  7.74638336e-06
 -2.13539147e-06 -2.44154519e-09  8.52872236e-10]
[ 9.46656062e-09 -1.44874259e-12 -4.24883070e-11  3.03352764e-11
 -2.80475897e-10 -2.12969629e-15  6.48564008e-16  1.91168251e-05
 -3.58504669e-06 -5.57518066e-09  1.49180748e-09]
[-8.85733816e-09 -5.07812926e-13 -4.79720112e-10  1.01170537e-11
 -3.06705153e-11 -1.02682468e-15  3.56260598e-10  7.94050341e-06
 -1.11719820e-06 -9.83581835e-10  3.17271532e-10]
[-6.59297218e-11 -1.95104652e-12 -2.92396806e-13  3.21725139e-11
 -7.15463878e-11 -1.97721727e-15  1.62727630e-15  2.25411803e-05
 -2.63110584e-06 -8.21283338e-09  1.16557595e-09]

Parents selected: 

[array([-8.85733816e-09, -5.07812926e-13, -4.79720112e-10,  1.01170537e-11,
       -3.06705153e-11, -1.02682468e-15,  3.56260598e-10,  7.94050341e-06,
       -1.11719820e-06, -9.83581835e-10,  3.17271532e-10]), array([ 1.15450337e-08, -1.61840093e-12, -3.16067396e-11,  5.59835284e-11,
       -2.22930452e-10, -1.75835920e-15,  6.36492217e-16,  1.60831903e-05,
       -2.46553123e-06, -1.05039129e-08,  1.12363188e-09])]
[array([ 3.87199084e-09, -1.64187464e-12, -6.56980210e-11,  2.29548056e-11,
       -2.62548326e-10, -2.32580552e-15,  1.10720377e-15,  1.32695640e-05,
       -2.25242061e-06, -9.31261325e-09,  1.01839850e-09]), array([-9.65304980e-09, -5.08508408e-13, -5.19322754e-10,  2.21502090e-11,
       -7.15393984e-11, -1.28189902e-15,  3.85731157e-10,  7.74638336e-06,
       -2.13539147e-06, -2.44154519e-09,  8.52872236e-10])]
[array([-8.85733816e-09, -5.07812926e-13, -4.79720112e-10,  1.01170537e-11,
       -3.06705153e-11, -1.02682468e-15,  3.56260598e-10,  7.94050341e-06,
       -1.11719820e-06, -9.83581835e-10,  3.17271532e-10]), array([ 1.15450337e-08, -1.61840093e-12, -3.16067396e-11,  5.59835284e-11,
       -2.22930452e-10, -1.75835920e-15,  6.36492217e-16,  1.60831903e-05,
       -2.46553123e-06, -1.05039129e-08,  1.12363188e-09])]
[array([ 9.46656062e-09, -1.44874259e-12, -4.24883070e-11,  3.03352764e-11,
       -2.80475897e-10, -2.12969629e-15,  6.48564008e-16,  1.91168251e-05,
       -3.58504669e-06, -5.57518066e-09,  1.49180748e-09]), array([ 3.87199084e-09, -1.64187464e-12, -6.56980210e-11,  2.29548056e-11,
       -2.62548326e-10, -2.32580552e-15,  1.10720377e-15,  1.32695640e-05,
       -2.25242061e-06, -9.31261325e-09,  1.01839850e-09])]

After Crossover: 

[-1.44818263e-08 -2.64397954e-13 -4.48543187e-10  6.41928191e-14
  1.15915296e-11 -8.66489381e-16  4.34344467e-10  6.15581649e-06
 -7.35063809e-07  8.45049317e-10  1.79989005e-10]
[ 6.48078769e-09 -1.86181590e-12  5.72993595e-11  6.60363892e-11
 -2.65069343e-10 -2.02137543e-15 -7.80832327e-11  1.78678772e-05
 -2.84791173e-06 -1.25905473e-08  5.22315418e-10]
[ 3.80803658e-09 -1.63651543e-12 -6.78430226e-11  2.29510010e-11
 -3.13443556e-10 -3.80079443e-15  1.28733558e-12  6.59004656e-06
 -3.06809826e-06 -9.28012284e-09  7.52176636e-10]
[-1.26161928e-08 -5.02513808e-13 -1.89228762e-10  3.18313830e-11
 -6.22610954e-11 -1.56228664e-15  3.83907201e-10  7.77250017e-06
 -2.05462918e-06 -3.75204920e-09  1.12622938e-09]
[-2.54673774e-09 -7.44324320e-13 -4.07632395e-10  2.26617314e-11
 -1.01728505e-10 -1.15848743e-15  2.92140359e-10  9.40603723e-06
 -1.35987334e-06 -2.89198348e-09  4.62401559e-10]
[ 7.87298211e-09 -5.53604494e-13 -9.13166926e-11  4.77284068e-11
 -1.88327200e-10 -7.66293612e-16  6.41208750e-11  1.46176564e-05
 -3.38668961e-06 -8.79042849e-09  9.78501851e-10]
[ 9.13251457e-09 -1.81442279e-12 -4.38741354e-11  4.05669777e-11
 -4.64980692e-10 -2.14140577e-15  6.64783463e-16  6.64856479e-06
 -5.37328029e-06 -2.78306835e-09  9.37022349e-10]
[ 4.20603690e-09 -1.63034293e-12 -6.43121927e-11  2.96707856e-11
 -3.31569222e-10 -2.31409604e-15  7.82255298e-16  1.36186980e-05
 -2.33199036e-06 -1.16819987e-08  4.07309724e-10]

After Mutation: 

[-1.44818263e-08 -2.64397954e-13 -4.48543187e-10  6.41928191e-14
  1.15915296e-11 -8.66489381e-16  4.34344467e-10  6.15581649e-06
 -7.35063809e-07  8.45049317e-10  1.79989005e-10]
[ 6.48078769e-09 -1.86181590e-12  5.72993595e-11  6.60363892e-11
 -2.65069343e-10 -2.02137543e-15 -7.80832327e-11  1.78678772e-05
 -2.84791173e-06 -1.25905473e-08  5.22315418e-10]
[ 3.80803658e-09 -1.63651543e-12 -6.78430226e-11  2.29510010e-11
 -3.13443556e-10 -3.80079443e-15  1.28733558e-12  6.59004656e-06
 -3.06809826e-06 -9.28012284e-09  7.52176636e-10]
[-1.26161928e-08 -5.02513808e-13 -1.89228762e-10  3.18313830e-11
 -6.22610954e-11 -1.56228664e-15  3.83907201e-10  7.77250017e-06
 -2.05462918e-06 -3.75204920e-09  1.12622938e-09]
[-2.54673774e-09 -7.44324320e-13 -4.07632395e-10  2.26617314e-11
 -1.01728505e-10 -1.15848743e-15  2.92140359e-10  9.40603723e-06
 -1.35987334e-06 -2.89198348e-09  4.62401559e-10]
[ 7.87298211e-09 -5.53604494e-13 -9.13166926e-11  4.77284068e-11
 -1.88327200e-10 -7.66293612e-16  6.41208750e-11  1.46176564e-05
 -3.38668961e-06 -8.79042849e-09  9.78501851e-10]
[ 9.13251457e-09 -1.81442279e-12 -4.38741354e-11  4.05669777e-11
 -4.64980692e-10 -2.14140577e-15  6.64783463e-16  6.64856479e-06
 -5.37328029e-06 -2.78306835e-09  9.37022349e-10]
[ 4.20603690e-09 -1.63034293e-12 -6.43121927e-11  2.96707856e-11
 -3.31569222e-10 -2.31409604e-15  7.82255298e-16  1.36186980e-05
 -2.33199036e-06 -1.16819987e-08  4.07309724e-10]

 New Generation:

[ 3.871990838609719e-09, -1.6418746442929332e-12, -6.569802103929952e-11, 2.2954805641874336e-11, -2.625483255390138e-10, -2.3258055213031815e-15, 1.107203770486554e-15, 1.3269564041965774e-05, -2.2524206148353264e-06, -9.312613249094208e-09, 1.0183985029287346e-09, ]
[ 1.1545033671253255e-08, -1.6184009307067586e-12, -3.1606739552798644e-11, 5.59835283879149e-11, -2.2293045176183976e-10, -1.7583591957363527e-15, 6.364922171167193e-16, 1.6083190252155923e-05, -2.465531227983224e-06, -1.05039129345849e-08, 1.1236318782283366e-09, ]
[ -1.448182633427044e-08, -2.6439795429722907e-13, -4.4854318704046763e-10, 6.419281910248695e-14, 1.1591529558631066e-11, -8.664893814278737e-16, 4.343444669991753e-10, 6.155816486602949e-06, -7.350638094349242e-07, 8.450493169776303e-10, 1.7998900513871124e-10, ]
[ -2.546737735745729e-09, -7.443243201735211e-13, -4.076323953869655e-10, 2.2661731419995014e-11, -1.0172850532707533e-10, -1.158487430623432e-15, 2.9214035923206226e-10, 9.406037232580576e-06, -1.3598733404086976e-06, -2.89198347554525e-09, 4.624015590937906e-10, ]
[ -1.2616192804420953e-08, -5.025138075112476e-13, -1.892287616971983e-10, 3.183138298353126e-11, -6.22610954010446e-11, -1.5622866360823006e-15, 3.8390720140970184e-10, 7.77250016682229e-06, -2.0546291824780632e-06, -3.752049199416223e-09, 1.1262293758434026e-09, ]
[ 7.87298210701904e-09, -5.53604494175734e-13, -9.131669261104719e-11, 4.772840679280637e-11, -1.8832720041434454e-10, -7.662936121162708e-16, 6.412087501879762e-11, 1.4617656430605354e-05, -3.3866896069440317e-06, -8.79042849245679e-09, 9.785018514511484e-10, ]
[ 4.206036895994274e-09, -1.6303429260242362e-12, -6.431219268230933e-11, 2.9670785628231823e-11, -3.315692221190115e-10, -2.314096038806419e-15, 7.822552983559361e-16, 1.3618698036410741e-05, -2.331990359132751e-06, -1.1681998722026332e-08, 4.073097243200805e-10, ]
[ 3.808036581414224e-09, -1.6365154296558264e-12, -6.784302256882172e-11, 2.2951001041048184e-11, -3.134435560425216e-10, -3.800794429648937e-15, 1.2873355828912577e-12, 6.590046562687164e-06, -3.068098255622406e-06, -9.280122843678876e-09, 7.521766360058864e-10, ]
[ 6.4807876892262095e-09, -1.861815902752873e-12, 5.7299359460905674e-11, 6.603638923199831e-11, -2.6506934293884347e-10, -2.021375432047592e-15, -7.808323274831537e-11, 1.7867877176582984e-05, -2.847911730380385e-06, -1.2590547329579456e-08, 5.223154179364354e-10, ]
[ 9.132514565991178e-09, -1.8144227907715085e-12, -4.387413540177954e-11, 4.0566977712151986e-11, -4.6498069223897387e-10, -2.1414057681917003e-15, 6.6478346319087205e-16, 6.648564790505369e-06, -5.373280292234557e-06, -2.7830683491480795e-09, 9.37022349430355e-10, ]



Generation:  2


------------------------------

Generation 2

Initial Population: 


Fitness: 

[3.78882760e+11 5.90712672e+11 8.55930604e+11]
[2.24169535e+11 9.08574821e+11 1.06549350e+12]
[9.00015265e+11 7.68721507e+11 1.39873219e+12]
[2.70473422e+12 3.42507393e+12 5.31838789e+12]
[2.85918382e+13 5.94234862e+13 7.94377730e+13]
[1.09413477e+14 2.07737950e+14 2.84327384e+14]
[2.33025975e+14 4.24257758e+14 5.87375940e+14]
[2.44905581e+14 4.41426628e+14 6.12860535e+14]
[2.87487381e+14 5.30319836e+14 7.31561002e+14]
[8.40166594e+14 1.59417054e+15 2.18228715e+15]

After Selection: 

[ 3.87199084e-09 -1.64187464e-12 -6.56980210e-11  2.29548056e-11
 -2.62548326e-10 -2.32580552e-15  1.10720377e-15  1.32695640e-05
 -2.25242061e-06 -9.31261325e-09  1.01839850e-09]
[ 1.15450337e-08 -1.61840093e-12 -3.16067396e-11  5.59835284e-11
 -2.22930452e-10 -1.75835920e-15  6.36492217e-16  1.60831903e-05
 -2.46553123e-06 -1.05039129e-08  1.12363188e-09]
[-1.44818263e-08 -2.64397954e-13 -4.48543187e-10  6.41928191e-14
  1.15915296e-11 -8.66489381e-16  4.34344467e-10  6.15581649e-06
 -7.35063809e-07  8.45049317e-10  1.79989005e-10]
[-2.54673774e-09 -7.44324320e-13 -4.07632395e-10  2.26617314e-11
 -1.01728505e-10 -1.15848743e-15  2.92140359e-10  9.40603723e-06
 -1.35987334e-06 -2.89198348e-09  4.62401559e-10]
[-1.26161928e-08 -5.02513808e-13 -1.89228762e-10  3.18313830e-11
 -6.22610954e-11 -1.56228664e-15  3.83907201e-10  7.77250017e-06
 -2.05462918e-06 -3.75204920e-09  1.12622938e-09]
[ 7.87298211e-09 -5.53604494e-13 -9.13166926e-11  4.77284068e-11
 -1.88327200e-10 -7.66293612e-16  6.41208750e-11  1.46176564e-05
 -3.38668961e-06 -8.79042849e-09  9.78501851e-10]

Parents selected: 

[array([-2.54673774e-09, -7.44324320e-13, -4.07632395e-10,  2.26617314e-11,
       -1.01728505e-10, -1.15848743e-15,  2.92140359e-10,  9.40603723e-06,
       -1.35987334e-06, -2.89198348e-09,  4.62401559e-10]), array([ 3.87199084e-09, -1.64187464e-12, -6.56980210e-11,  2.29548056e-11,
       -2.62548326e-10, -2.32580552e-15,  1.10720377e-15,  1.32695640e-05,
       -2.25242061e-06, -9.31261325e-09,  1.01839850e-09])]
[array([ 3.87199084e-09, -1.64187464e-12, -6.56980210e-11,  2.29548056e-11,
       -2.62548326e-10, -2.32580552e-15,  1.10720377e-15,  1.32695640e-05,
       -2.25242061e-06, -9.31261325e-09,  1.01839850e-09]), array([-2.54673774e-09, -7.44324320e-13, -4.07632395e-10,  2.26617314e-11,
       -1.01728505e-10, -1.15848743e-15,  2.92140359e-10,  9.40603723e-06,
       -1.35987334e-06, -2.89198348e-09,  4.62401559e-10])]
[array([ 1.15450337e-08, -1.61840093e-12, -3.16067396e-11,  5.59835284e-11,
       -2.22930452e-10, -1.75835920e-15,  6.36492217e-16,  1.60831903e-05,
       -2.46553123e-06, -1.05039129e-08,  1.12363188e-09]), array([-2.54673774e-09, -7.44324320e-13, -4.07632395e-10,  2.26617314e-11,
       -1.01728505e-10, -1.15848743e-15,  2.92140359e-10,  9.40603723e-06,
       -1.35987334e-06, -2.89198348e-09,  4.62401559e-10])]
[array([-1.44818263e-08, -2.64397954e-13, -4.48543187e-10,  6.41928191e-14,
        1.15915296e-11, -8.66489381e-16,  4.34344467e-10,  6.15581649e-06,
       -7.35063809e-07,  8.45049317e-10,  1.79989005e-10]), array([-2.54673774e-09, -7.44324320e-13, -4.07632395e-10,  2.26617314e-11,
       -1.01728505e-10, -1.15848743e-15,  2.92140359e-10,  9.40603723e-06,
       -1.35987334e-06, -2.89198348e-09,  4.62401559e-10])]

After Crossover: 

[-3.02346549e-09 -8.54411828e-13 -3.25568702e-10  1.94198908e-11
 -7.04020610e-11 -1.07178912e-15  4.11711929e-10  7.38105740e-06
 -1.56303939e-06 -2.41511451e-09  2.21621777e-10]
[ 3.63532094e-09 -1.70853694e-12 -4.03020871e-11  1.47025550e-11
 -2.14414259e-10 -2.04020559e-15 -2.16964749e-11  1.22857082e-05
 -2.97392465e-06 -8.29517200e-09  1.05969316e-09]
[ 5.16339420e-09 -2.00810365e-12 -8.39745520e-11  2.29345209e-11
 -3.69325495e-10 -2.49488362e-15  2.60277512e-11  1.30021554e-05
 -1.01462730e-06 -1.11966493e-08  6.65394424e-10]
[-3.36160330e-09 -8.06447028e-13 -4.35615315e-10  2.26820161e-11
 -1.12859427e-10 -1.18053194e-15  2.71920344e-10  3.89039627e-06
 -9.46241665e-07 -1.56690060e-09  2.27928182e-10]
[ 1.57489127e-08 -1.70813089e-12  5.09678469e-12  5.94042392e-11
 -3.80669971e-10 -1.79607693e-15 -2.99895085e-11  1.67686458e-05
 -4.17240166e-06 -1.12853297e-08  1.51072315e-09]
[-6.39578590e-09 -3.45501067e-13 -6.72158052e-10  1.92410206e-11
 -6.72718185e-11 -8.06944581e-16  1.04971338e-10  1.16601749e-05
 -1.24636998e-06 -1.75579937e-09  5.14612795e-10]
[-1.29193411e-08 -3.27227639e-13 -2.05624843e-10  1.44537396e-12
 -3.24379223e-12 -1.16545548e-15  3.44874339e-10  6.58131998e-06
 -8.16860911e-07  3.55814699e-10  2.16961118e-10]
[-5.73191675e-09 -6.81494635e-13 -2.46439651e-10  8.36422996e-12
 -8.68931835e-11 -1.12026043e-15  3.34701365e-10  9.74513949e-06
 -1.41472414e-06 -2.40274886e-09  4.25429446e-10]

After Mutation: 

[-3.02346549e-09 -8.54411828e-13 -3.25568702e-10  1.94198908e-11
 -7.04020610e-11 -1.07178912e-15  4.11711929e-10  7.38105740e-06
 -1.56303939e-06 -2.41511451e-09  2.21621777e-10]
[ 3.63532094e-09 -1.70853694e-12 -4.03020871e-11  1.47025550e-11
 -2.14414259e-10 -2.04020559e-15 -2.16964749e-11  1.22857082e-05
 -2.97392465e-06 -8.29517200e-09  1.05969316e-09]
[ 5.16339420e-09 -2.00810365e-12 -8.39745520e-11  2.29345209e-11
 -3.69325495e-10 -2.49488362e-15  2.60277512e-11  1.30021554e-05
 -1.01462730e-06 -1.11966493e-08  6.65394424e-10]
[-3.36160330e-09 -8.06447028e-13 -4.35615315e-10  2.26820161e-11
 -1.12859427e-10 -1.18053194e-15  2.71920344e-10  3.89039627e-06
 -9.46241665e-07 -1.56690060e-09  2.27928182e-10]
[ 1.57489127e-08 -1.70813089e-12  5.09678469e-12  5.94042392e-11
 -3.80669971e-10 -1.79607693e-15 -2.99895085e-11  1.67686458e-05
 -4.17240166e-06 -1.12853297e-08  1.51072315e-09]
[-6.39578590e-09 -3.45501067e-13 -6.72158052e-10  1.92410206e-11
 -6.72718185e-11 -8.06944581e-16  1.04971338e-10  1.16601749e-05
 -1.24636998e-06 -1.75579937e-09  5.14612795e-10]
[-1.29193411e-08 -3.27227639e-13 -2.05624843e-10  1.44537396e-12
 -3.24379223e-12 -1.16545548e-15  3.44874339e-10  6.58131998e-06
 -8.16860911e-07  3.55814699e-10  2.16961118e-10]
[-5.73191675e-09 -6.81494635e-13 -2.46439651e-10  8.36422996e-12
 -8.68931835e-11 -1.12026043e-15  3.34701365e-10  9.74513949e-06
 -1.41472414e-06 -2.40274886e-09  4.25429446e-10]

 New Generation:

[ 3.871990838609719e-09, -1.6418746442929332e-12, -6.569802103929952e-11, 2.2954805641874336e-11, -2.625483255390138e-10, -2.3258055213031815e-15, 1.107203770486554e-15, 1.3269564041965774e-05, -2.2524206148353264e-06, -9.312613249094208e-09, 1.0183985029287346e-09, ]
[ 1.1545033671253255e-08, -1.6184009307067586e-12, -3.1606739552798644e-11, 5.59835283879149e-11, -2.2293045176183976e-10, -1.7583591957363527e-15, 6.364922171167193e-16, 1.6083190252155923e-05, -2.465531227983224e-06, -1.05039129345849e-08, 1.1236318782283366e-09, ]
[ -1.291934111174404e-08, -3.272276390869337e-13, -2.0562484270462465e-10, 1.4453739645533288e-12, -3.243792229175258e-12, -1.1654554770916937e-15, 3.44874339033871e-10, 6.581319979402032e-06, -8.168609113986956e-07, 3.5581469871636896e-10, 2.1696111796117455e-10, ]
[ -6.395785900499008e-09, -3.455010673819959e-13, -6.721580523729902e-10, 1.9241020559760175e-11, -6.727181852215721e-11, -8.069445813859906e-16, 1.0497133811687078e-10, 1.1660174934795874e-05, -1.2463699796094077e-06, -1.7557993691863516e-09, 5.14612795425654e-10, ]
[ -5.731916753008987e-09, -6.814946353838164e-13, -2.4643965087297976e-10, 8.364229958212824e-12, -8.6893183539269e-11, -1.1202604302029245e-15, 3.3470136534545153e-10, 9.745139490604613e-06, -1.414724144748644e-06, -2.4027488572839885e-09, 4.2542944627132724e-10, ]
[ 5.163394203864801e-09, -2.0081036460331544e-12, -8.397455195231392e-11, 2.2934520913714025e-11, -3.693254953110174e-10, -2.4948836225991422e-15, 2.6027751169829783e-11, 1.3002155361100204e-05, -1.014627298104882e-06, -1.1196649335148944e-08, 6.653944237856873e-10, ]
[ -3.361603297116348e-09, -8.064470282650512e-13, -4.356153145376865e-10, 2.2682016148155324e-11, -1.1285942743571629e-10, -1.1805319446733924e-15, 2.7192034372080165e-10, 3.89039626752912e-06, -9.462416651551929e-07, -1.56690059590856e-09, 2.2792818189449348e-10, ]
[ 3.635320944243889e-09, -1.70853693528273e-12, -4.03020870736564e-11, 1.4702555020835697e-11, -2.1441425933219025e-10, -2.0402055858868915e-15, -2.169647487593982e-11, 1.2285708202562151e-05, -2.97392464552892e-06, -8.295172002916574e-09, 1.0596931569034032e-09, ]
[ 1.5748912674541486e-08, -1.7081308860632133e-12, 5.096784688740273e-12, 5.940423924814974e-11, -3.806699712000585e-10, -1.796076926049312e-15, -2.998950849438942e-11, 1.6768645777603747e-05, -4.172401662018235e-06, -1.1285329668890866e-08, 1.5107231480967944e-09, ]
[ -3.0234654918501086e-09, -8.544118279466347e-13, -3.2556870171001367e-10, 1.9419890758339363e-11, -7.040206102592073e-11, -1.0717891183979947e-15, 4.1171192906106825e-10, 7.381057403645254e-06, -1.56303938700391e-06, -2.415114514774724e-09, 2.2162177744662355e-10, ]

