64 [0.0, -1.45799022e-12, -2.28980078e-13,  4.62010753e-11, -1.75214813e-10, -1.83669770e-15,  8.52944060e-16,  2.29423303e-05, -2.04721003e-06, -1.59792834e-08,  9.98214034e-10]
85 [ 3.871990838609719e-09, -1.6418746442929332e-12, -6.569802103929952e-11, 2.2954805641874336e-11, -2.625483255390138e-10, -2.3258055213031815e-15, 1.107203770486554e-15, 1.3269564041965774e-05, -2.2524206148353264e-06, -9.312613249094208e-09, 1.0183985029287346e-09, ]
88 [ 1.1545033671253255e-08, -1.6184009307067586e-12, -3.1606739552798644e-11, 5.59835283879149e-11, -2.2293045176183976e-10, -1.7583591957363527e-15, 6.364922171167193e-16, 1.6083190252155923e-05, -2.465531227983224e-06, -1.05039129345849e-08, 1.1236318782283366e-09, ]
32 [ -9.653049801615194e-09, -5.085084080939686e-13, -5.193227542834144e-10, 2.2150208996551937e-11, -7.153939837526577e-11, -1.2818990188541566e-15, 3.857311573958039e-10, 7.746383356715923e-06, -2.1353914725327557e-06, -2.441545193116338e-09, 8.528722362329383e-10, ]
69 [ 9.466560623375734e-09, -1.4487425861042743e-12, -4.248830704478935e-11, 3.033527635517917e-11, -2.8047589746109834e-10, -2.129696285694938e-15, 6.485640082212606e-16, 1.911682507970913e-05, -3.5850466925484995e-06, -5.575180664639156e-09, 1.491807484673436e-09, ]
58 [ -8.857338155546692e-09, -5.078129263433435e-13, -4.797201123249927e-10, 1.011705366318591e-11, -3.067051530448128e-11, -1.0268246758851658e-15, 3.562605977586428e-10, 7.940503411030008e-06, -1.1171982025836137e-06, -9.835818345979923e-10, 3.172715323166025e-10, ]
70 [ 2.2701150794332676e-08, -2.2851323799080795e-12, -2.5604990608894757e-11, 5.552862360027885e-11, -1.0528555709352093e-10, -1.2073501477455282e-15, 1.8309972699947825e-15, 1.0520473036931992e-05, -2.1319680174847028e-06, -9.845346168322042e-09, 8.624896903897621e-10, ]
94 [ -9.967288644492704e-09, -8.104302501147816e-13, -5.252234785534995e-10, 9.929900211538703e-12, -7.105449466490162e-11, -2.0397881416816833e-15, 3.907053139086441e-10, 7.709740849141371e-06, -2.9971111707487654e-06, -2.8873865975378726e-09, 9.995053236403704e-10, ]
77 [ 9.452196187287432e-09, -6.641004517474112e-13, -1.1678814596586385e-11, 3.9318276662493256e-11, -6.057553047453938e-10, -1.823081996672914e-15, 6.513520735584595e-17, 6.7841280441664755e-06, -2.596213317238411e-06, -5.371818288531108e-09, 8.344857401135138e-10, ]
74 [ 2.5185561217646837e-08, -3.5026413967929773e-12, -5.584042862576382e-11, 5.514995293111094e-11, -3.7988268757902994e-11, -2.218231727739454e-15, -4.4116572109665515e-12, 1.0624530826625593e-05, -3.2513174515396553e-06, -1.5070800308955743e-08, 9.847631454043876e-10, ]
12 [ -6.395785900499008e-09, -3.455010673819959e-13, -6.721580523729902e-10, 1.9241020559760175e-11, -6.727181852215721e-11, -8.069445813859906e-16, 1.0497133811687078e-10, 1.1660174934795874e-05, -1.2463699796094077e-06, -1.7557993691863516e-09, 5.14612795425654e-10, ]
52 [ -1.291934111174404e-08, -3.272276390869337e-13, -2.0562484270462465e-10, 1.4453739645533288e-12, -3.243792229175258e-12, -1.1654554770916937e-15, 3.44874339033871e-10, 6.581319979402032e-06, -8.168609113986956e-07, 3.5581469871636896e-10, 2.1696111796117455e-10, ]
64 [ -5.731916753008987e-09, -6.814946353838164e-13, -2.4643965087297976e-10, 8.364229958212824e-12, -8.6893183539269e-11, -1.1202604302029245e-15, 3.3470136534545153e-10, 9.745139490604613e-06, -1.414724144748644e-06, -2.4027488572839885e-09, 4.2542944627132724e-10, ]
108 [ 5.163394203864801e-09, -2.0081036460331544e-12, -8.397455195231392e-11, 2.2934520913714025e-11, -3.693254953110174e-10, -2.4948836225991422e-15, 2.6027751169829783e-11, 1.3002155361100204e-05, -1.014627298104882e-06, -1.1196649335148944e-08, 6.653944237856873e-10, ]
52 [ -3.361603297116348e-09, -8.064470282650512e-13, -4.356153145376865e-10, 2.2682016148155324e-11, -1.1285942743571629e-10, -1.1805319446733924e-15, 2.7192034372080165e-10, 3.89039626752912e-06, -9.462416651551929e-07, -1.56690059590856e-09, 2.2792818189449348e-10, ]
58 [ 3.635320944243889e-09, -1.70853693528273e-12, -4.03020870736564e-11, 1.4702555020835697e-11, -2.1441425933219025e-10, -2.0402055858868915e-15, -2.169647487593982e-11, 1.2285708202562151e-05, -2.97392464552892e-06, -8.295172002916574e-09, 1.0596931569034032e-09, ]
86 [ 1.5748912674541486e-08, -1.7081308860632133e-12, 5.096784688740273e-12, 5.940423924814974e-11, -3.806699712000585e-10, -1.796076926049312e-15, -2.998950849438942e-11, 1.6768645777603747e-05, -4.172401662018235e-06, -1.1285329668890866e-08, 1.5107231480967944e-09, ]
107 [ -3.0234654918501086e-09, -8.544118279466347e-13, -3.2556870171001367e-10, 1.9419890758339363e-11, -7.040206102592073e-11, -1.0717891183979947e-15, 4.1171192906106825e-10, 7.381057403645254e-06, -1.56303938700391e-06, -2.415114514774724e-09, 2.2162177744662355e-10, ]

44 [ -5.729010056947518e-09, -2.8899113722544835e-13, -2.427247306436154e-10, 2.141353011395195e-12, 8.403405401166516e-12, -1.1919565825642503e-15, 2.0891403041383732e-10, 3.255198285843238e-06, -6.654780296958208e-07, -9.595881904806244e-10, 2.45384864775393e-10, ]
75 [ 6.1438190209749616e-09, -1.1058856922163534e-12, -5.043302475959837e-11, 1.0094768946228875e-11, -2.6051146135046743e-10, -2.3466857243294354e-15, 3.870652882125861e-12, 1.637164977238027e-05, -2.2759905934997575e-06, -9.244280578049419e-09, 1.03058994620694e-09, ]
43 [ -1.132899418943461e-09, -2.698589758935826e-13, -2.2826738521223706e-10, 6.420561200435019e-12, -1.9665829198860098e-11, -1.4637616734798276e-15, 1.8540051425100064e-10, 3.74713090423967e-06, -7.119667831108793e-07, -2.890904329919606e-09, 2.290550525942027e-10, ]
99 [ -2.0497502381647614e-09, -7.217170323709022e-13, -2.821187731291578e-10, 7.666782507794778e-12, -2.152062014558984e-11, -1.5066132242865746e-15, 1.1471000846328568e-10, 4.917250215070574e-06, -4.3017379999098573e-07, -3.335318781601511e-09, 3.4610556678132885e-10, ]


21 [ -5.7493391744328875e-09, -2.880196464434374e-13, -2.841224355687197e-10, 2.0666475289615247e-12, 9.452617035866636e-12, -7.510897230668547e-16, 3.2996919813576046e-10, 3.2488776178776226e-06, -7.629518517777682e-07, -9.312548705750379e-10, 2.4421203867133e-10, ]
21 [ -3.0195205195942305e-09, -4.2482132339654164e-13, -2.6405380106381636e-10, 5.2741708544183404e-12, -9.611612780939938e-12, -1.6423137446276661e-15, 2.32210400129973e-10, 5.568523901053796e-06, -5.76062903244595e-07, -9.111629922461424e-10, 1.7448988487904413e-10, ]
40 [ -2.434271092379301e-09, -2.718671772349461e-13, -3.753433473729751e-10, 5.971395448790932e-12, -2.7927432099697208e-11, -1.4352317369662273e-15, 2.386951973599988e-10, 3.6954953505252675e-06, -4.188078666321631e-07, -2.864785107755777e-09, 7.862327124140492e-11, ]

12 [ -2.917045809334564e-09, -5.491905644003098e-13, -2.6435159525371547e-10, 3.066737633386919e-12, -3.5394720031088024e-11, -9.498584870881893e-16, 3.995448171349049e-10, 4.883625511216585e-06, -9.514361801231002e-07, -9.092890828235501e-10, 3.44538464645763e-10, ]
43 [ -2.9488301788090357e-09, -4.1011529440770227e-13, -2.8644863436001237e-10, 2.741677391596215e-12, 1.466271059171631e-11, -1.347280762228898e-15, 2.1005957627819264e-10, 3.2312320116100296e-06, -7.543863221355184e-07, -8.465626534320078e-10, 2.8319675476729314e-10, ]
46 [ -5.729010056947518e-09, -2.8899113722544835e-13, -2.427247306436154e-10, 2.141353011395195e-12, 8.403405401166516e-12, -1.1919565825642503e-15, 2.0891403041383732e-10, 3.255198285843238e-06, -6.654780296958208e-07, -9.595881904806244e-10, 2.45384864775393e-10, ]
73 [ 6.1438190209749616e-09, -1.1058856922163534e-12, -5.043302475959837e-11, 1.0094768946228875e-11, -2.6051146135046743e-10, -2.3466857243294354e-15, 3.870652882125861e-12, 1.637164977238027e-05, -2.2759905934997575e-06, -9.244280578049419e-09, 1.03058994620694e-09, ]
48 [ -2.0233372509042616e-09, -4.2269510734386564e-13, -2.8689292343959344e-10, 5.2089664984302674e-12, -7.777318939665507e-12, -2.6774255495051947e-15, 2.7437085541675933e-10, 5.535206087430521e-06, -4.78706651884326e-07, -1.4681858537198281e-09, 1.755090153278241e-10, ]
34 [ -8.33904640230475e-09, -4.1309367115371427e-13, -3.4466550774219e-10, 2.0312899666522075e-12, 1.0175901699003207e-11, -7.412654737390937e-16, 3.310468248405581e-10, 5.062696774762792e-06, -9.205872406925259e-07, -1.5272678473240513e-09, 2.7293815428653226e-10, ]
72 [ -3.5352734014311418e-09, -2.826150880673663e-13, -2.562977033467061e-10, 9.13153082749683e-13, 8.861132396663187e-12, -8.688734373257223e-16, 2.068254875364806e-10, 2.211158958869225e-06, -4.754289550761324e-07, -1.1586084710713195e-09, 2.5067709962106387e-10, ]

51 [ -6.3851319935088785e-09, -2.027397470755264e-13, -2.68351032822688e-10, 3.0036021284053e-12, 1.4906430588737268e-11, -1.0786599521784862e-15, 2.396162870086369e-10, 3.7095748737368118e-06, -7.296084583205186e-07, -1.4233224127545532e-09, 2.810646507691178e-10, ]
44 [ -2.9488301788090357e-09, -4.1011529440770227e-13, -2.8644863436001237e-10, 2.741677391596215e-12, 1.466271059171631e-11, -1.347280762228898e-15, 2.1005957627819264e-10, 3.2312320116100296e-06, -7.543863221355184e-07, -8.465626534320078e-10, 2.8319675476729314e-10, ]
50 [ -4.295576320525411e-09, -3.8252937221012803e-13, -1.2183873989768806e-10, 2.6049540324349708e-12, 1.6456471698286214e-11, -1.3119058144454943e-15, 2.097986791968589e-10, 1.6991952203974207e-06, -7.341375353120092e-07, -8.723041218879715e-10, 2.745851294753186e-10, ]
53 [ -1.1348476253028994e-08, -3.818962531414984e-13, -3.1903920556311736e-10, 2.058958078703239e-12, 8.67200788171594e-12, -8.4828893199452635e-16, 3.003445682457586e-10, 4.608320186869219e-06, -4.6835921944233714e-07, -1.9263634367090057e-09, 1.7795566911121872e-10, ]
46 [ -1.9712322708267654e-09, -6.693433892150806e-13, -2.486116704396762e-10, 2.822374043373799e-12, 1.3928773395642754e-11, -1.9801979202761894e-15, 2.1216297992215195e-10, 2.7445745341145503e-06, -1.0114424255543672e-06, -1.1973825875905461e-09, 2.7967465434290756e-10, ]
48 [ -5.229101314379824e-09, -2.59230892956481e-13, -2.182789572061808e-10, 1.1096825553441718e-12, 1.1483330336912963e-11, -2.1351993706820627e-15, 1.7962613692496044e-10, 1.453948549620498e-06, -9.411103385555744e-07, -8.234565200028145e-10, 2.3877748456880464e-10, ]
56 [ -6.8352904615905445e-09, -3.6819659168796095e-13, -3.6911128117962453e-10, 2.0048964435479093e-12, 1.060095283309166e-11, -3.7623953054055344e-16, 3.6033471832943495e-10, 5.489382895233092e-06, -1.1583690879018597e-06, -2.806527361395679e-09, 2.7954553449312057e-10, ]

36 [ -1.4298856298746357e-09, -2.3300181808682653e-13, -5.26432083147507e-10, 3.2298298255404948e-12, 2.8262416588314872e-11, -1.893074523594928e-15, 1.9101335539383547e-10, 4.480748641150861e-06, -9.143675108817837e-07, -8.145728447134867e-10, 2.775795337645024e-10, ]

25 [ -4.162895770913837e-09, -3.0782229615865766e-13, -2.833685225580617e-10, 3.0242719278322962e-12, 1.7507114625936107e-11, -1.7493042502010215e-15, 2.566576249747792e-10, 2.9514541334879426e-06, -5.757869503064477e-07, -1.2850705169339374e-09, 1.3248275647236317e-10, ]
25 [ -3.4212775313235237e-09, -6.240423809293536e-13, -4.1004930164506106e-10, 3.0575582408617868e-12, -2.808133897648799e-11, -9.68585179877297e-16, 3.7629250048005496e-10, 4.71292803047344e-06, -9.19184220912913e-07, -1.3188341750855604e-09, 3.353098847395669e-10, ]
24 [ -3.4287212653784263e-09, -5.859333590733436e-13, -5.806921306969161e-10, 3.855637424188255e-12, -2.8337409992662653e-11, -1.2614336438133282e-15, 3.7752008139571643e-10, 4.73279757882606e-06, -9.265294778456759e-07, -1.3192205642096114e-09, 3.382721399310174e-10, ]
29 [ -8.27084383074224e-10, -5.832226709523465e-13, -3.543492335908409e-10, 3.062937609484555e-12, -3.8403222632387e-11, -6.822331901259412e-16, 2.040346337179565e-10, 5.534387124262873e-06, -8.508846898590703e-07, -1.0973226599006709e-09, 2.6569611625658344e-10, ]
41 [ -4.063528126776805e-09, -3.125863383047124e-13, -2.9746375638362114e-10, 5.216039141984766e-12, 1.3940376361392599e-11, -3.540384980015269e-16, 2.836835435778067e-10, 4.0488199805668905e-06, -9.924684446588806e-07, -1.940842127934159e-09, 2.760294195970181e-10, ]

21 [ -1.9370569804819366e-09, -6.709992011532944e-13, -1.638313571764157e-10, 2.460259015690219e-12, -3.847556664914995e-11, -4.801801548180586e-16, 9.4354202262542e-10, 4.941600970701166e-06, -9.610242821743537e-07, -5.748062493555154e-10, 3.288618413799509e-10, ]
19 [ -2.6880327297344165e-09, -6.717074014617671e-13, -1.639019517146059e-10, 2.713645906095159e-12, -3.855339470758899e-11, -4.814907600404815e-16, 6.035319533708099e-10, 4.951132304592103e-06, -9.625837943458704e-07, -6.830050604331548e-10, 3.293508993413018e-10, ]
19 [ -1.8762914022866415e-09, -6.655078402296813e-13, -1.877507582455494e-10, 2.7503618046952935e-12, -1.307861405558485e-11, -5.881070165278452e-16, 6.491524238395917e-10, 5.067021186334041e-06, -9.750864519102871e-07, -6.957537548471732e-10, 3.3483762417319257e-10, ]
32 [ -2.5766060221232265e-09, -6.997871112645791e-13, -5.352566274836568e-10, 3.8193639120171004e-12, -2.8180469788827142e-11, -1.1111251163565635e-15, 1.7233424433432309e-09, 6.703741804664702e-06, -1.8702409521945148e-06, -1.039361854279177e-09, 7.928406342791979e-10, ]
20 [ -1.6777115652569833e-09, -9.689861776856837e-13, -1.0067596552490131e-10, -4.2408431751998487e-13, -1.6356845400058187e-11, -4.54081017637113e-16, 7.616839126679603e-10, 1.7361239342873225e-06, -8.487123765617876e-07, -8.7647391138839e-10, 2.4896212572782143e-10, ]

17 [ -1.908068490415351e-09, -1.0105657652151777e-12, -1.5902244489353608e-10, 2.4485930926939046e-12, -3.8678577559804666e-11, -1.6158788210439386e-16, 9.546210412582385e-10, 4.954885066859329e-06, -9.618414654424163e-07, -8.823451601417064e-10, 3.2873590386967103e-10, ]
22 [ -2.0784493761952042e-09, -1.1045062164684007e-12, -1.627676894109748e-10, 3.836485132883072e-12, -3.820584405720038e-11, -4.724629062779285e-16, 1.1168256024540422e-09, 4.06288369219631e-06, -9.582386706446794e-07, -1.969749284557409e-10, 3.2776919046253304e-10, ]
23 [ -1.9370569804819366e-09, -6.709992011532944e-13, -1.638313571764157e-10, 2.460259015690219e-12, -3.847556664914995e-11, -4.801801548180586e-16, 9.4354202262542e-10, 4.941600970701166e-06, -9.610242821743537e-07, -5.748062493555154e-10, 3.288618413799509e-10, ]
13 [ -1.979552175531914e-09, -1.131615476125444e-12, -2.3954750163449834e-10, 2.4483824050608585e-12, -1.5692303202187183e-11, -2.054993776663611e-16, 9.143207985436406e-10, 4.8529713400040545e-06, -9.296532728111923e-07, -7.226575986724238e-10, 3.2873362942675205e-10, ]
22 [ -3.249762775003047e-09, -6.502854680956374e-13, -1.6851101681488223e-10, 2.459192881822974e-12, -1.142891770882534e-11, -7.446693410133487e-16, 9.20520645071743e-10, 6.261904949613977e-06, -9.419889541935577e-07, -7.784846651370941e-10, 3.2885033211103935e-10, ]
24 [ -1.6690621709041284e-09, -9.734596022742018e-13, -9.187495537111512e-11, 2.7008082968694953e-12, -1.6817082436477404e-11, 4.1886466759775417e-17, 1.5579369802507415e-09, 4.974813097380528e-06, -7.725795543982511e-07, -1.05118104135668e-10, 2.549447490310447e-10, ]
49 [ -1.238978231491431e-09, -4.95299455739841e-13, -2.1330064453374252e-10, 3.3113529845572134e-12, -2.7273277175962524e-11, -1.5050494761739148e-16, 4.150539106062431e-10, 7.306089928551457e-06, -7.572512790419349e-07, -9.004533550685437e-10, 3.2872144736675125e-10, ]
60 [ -1.1412619856675016e-09, -4.0222536421415445e-13, -2.2612302284178815e-10, 1.7009752076123303e-12, -1.527595405796279e-11, -4.773261877351633e-16, 9.8506101786188e-10, 6.075295125101582e-06, -6.444445283004378e-07, -4.514486419500364e-10, 3.250799006129616e-10, ]
93 [ -8.076582298383861e-10, -3.5623882028662777e-13, -3.449521459136887e-10, 3.7193054348377366e-12, -1.650249662573827e-11, -1.5984167978731964e-16, 6.091979691879262e-10, 3.7009551471890995e-06, -3.752112897914105e-07, -9.94695690477703e-10, 3.287306821927438e-10, ]
106 [ -3.526158679542237e-09, -7.970764472290023e-14, -2.082177466401482e-10, 8.817590420487081e-13, -1.6094636132295138e-11, -4.049980646620455e-16, 3.625664141777292e-10, 7.205556226749818e-06, -4.74368317016599e-07, -7.305372228793039e-10, 5.58886778958152e-10, ]

38 [ -2.1718891152903655e-09, -5.328886513977454e-13, -2.9646165685139865e-10, 1.1462139816899661e-11, -3.9673962571105596e-11, -1.5153706289602354e-16, 1.1363835109544418e-09, 1.951249883027378e-06, -1.2680024727350523e-06, 3.5314020215393535e-10, 4.316319688248871e-10, ]
59 [ -1.1139773264083708e-09, -7.022361665435834e-13, -8.152954355700386e-11, 7.486957242904632e-12, -3.154291527246337e-11, -2.2337433855372705e-16, 9.724585391471159e-10, 5.067001236816525e-06, -1.1422457627181338e-06, -4.6406426075678873e-11, 3.397716584237516e-10, ]
58 [ -1.557080845369662e-09, -4.645061834240841e-13, -1.8653417896715296e-10, 4.212683065973173e-12, -1.9187135094963776e-11, -9.611047590258143e-17, 1.6893911103943065e-09, 3.4435606294393053e-06, -1.0141202513672606e-06, -7.368707818966498e-10, 4.599356411383341e-10, ]
50 [ -1.9631858650041642e-09, -4.185510776905656e-13, -1.1276598136818256e-10, 2.6753438703587934e-12, -6.549982409039322e-11, -6.111743102992063e-16, 5.024312975738306e-10, 5.747566151229587e-06, -8.867837378400834e-07, 9.913558886646719e-11, 4.004966434027374e-10, ]
70 [ -1.8248369622269728e-09, -6.440025105586805e-13, -2.2494088111558173e-10, 4.692573346405209e-12, -2.9400702011291146e-11, -1.3770470443309274e-16, 1.3791344322425334e-09, 4.810630811321306e-06, -6.935573369652107e-07, -4.662853787513974e-10, 3.6651625638758515e-10, ]
89 [ -1.975174386528259e-09, -1.3724328889948554e-12, -1.917952587903608e-10, 2.3258022807903775e-12, -1.5863619036230164e-11, -3.0232389434807035e-16, 1.4685282498441624e-09, 6.59497212199788e-06, -1.6087331603851621e-06, -2.1317835832066249e-10, 4.230048584824955e-10, ]
96 [ -1.2532076696253867e-09, -1.0124278787610718e-12, -4.779050255998762e-10, 2.9259175562450665e-12, -1.397781227367691e-11, -1.3205829550856135e-16, 8.493147843497862e-10, 5.464340369279082e-06, -1.2945241024889045e-06, -1.29483088625965e-09, 1.8493246808411833e-10, ]

13 [ -3.3567508855583065e-09, -1.5670985229363114e-12, -2.453636877586258e-10, 1.6666484420629636e-12, -4.731828947888051e-11, -1.906111792673618e-16, 6.289293057416853e-10, 5.624789707273789e-06, -9.501584924026616e-07, -1.157293120374751e-09, 3.360366986659506e-10, ]
16 [ -1.908068490415351e-09, -1.0105657652151777e-12, -1.5902244489353608e-10, 2.4485930926939046e-12, -3.8678577559804666e-11, -1.6158788210439386e-16, 9.546210412582385e-10, 4.954885066859329e-06, -9.618414654424163e-07, -8.823451601417064e-10, 3.2873590386967103e-10, ]
57 [ -1.8257593436478447e-09, -1.4274942786632752e-12, -4.047770988136182e-10, 1.6804046131213013e-12, -1.7145885240001495e-11, -1.3059594285278667e-16, 2.2443301032459254e-10, 4.099242427611607e-06, -7.572195669971368e-07, -2.225258304373512e-09, 3.1483226772986585e-10, ]
21 [ -1.2630602510294933e-09, -1.423964379803148e-12, -1.3237110990550463e-10, 1.8677560606044452e-12, -3.963631327460029e-11, -1.8314670442255459e-16, 3.7248389213376946e-10, 4.829796688419368e-06, -8.178657522030513e-07, -1.3999846603609721e-09, 2.5107856344698623e-10, ]
36 [ -2.2523963208822497e-09, -1.0133754240867636e-12, -2.106173042766186e-10, 2.9827061933109637e-12, -4.1448454779105466e-11, -2.283780644267473e-16, 3.6031747345011156e-10, 5.3385387351233214e-06, -1.1345437243293714e-06, -1.5299687820049967e-09, 3.6474147172800817e-10, ]
93 [ -2.125241492702507e-09, -2.7278668211892526e-13, -2.2035244210303878e-10, 9.163152342669803e-13, -6.443026695970096e-11, -4.852611006118579e-16, 9.954337228840746e-10, 2.055779596352881e-05, -9.092493670748164e-07, 5.3833440834952005e-11, 2.1974240067162904e-10, ]
21 [ -1.930364621773666e-09, -2.1861480839961615e-12, -3.706029977432282e-10, 1.5913346758885428e-12, -1.4719534262442376e-11, -2.481896858838202e-16, 5.975599867063253e-10, 3.265721377124952e-06, -1.0807998732988082e-06, -1.6463302263789104e-09, 3.4252868687234574e-10, ]


17 [ -1.915428910438309e-09, -1.0904903715811441e-12, -1.5236820231581722e-10, 3.1141994930497958e-12, -6.026451360342288e-11, -8.305048098407721e-17, 4.414936192052219e-10, 4.928911354738964e-06, -9.587735737839023e-07, -7.466572892834407e-10, 3.2732258292237015e-10, ]
13 [ -1.3675704081705325e-09, -4.08138881979391e-13, -2.5005644219889285e-10, 4.662859881370373e-12, 6.150047217005676e-12, -9.161738820014592e-16, 7.340163120738338e-10, 5.018644203347845e-06, -1.2133184934354136e-06, -6.572866429792964e-10, 4.4955546296023274e-10, ]
52 [ -1.8776055053097004e-09, -3.203045947786453e-12, -1.2221079774014172e-10, 4.560611119517751e-13, -7.706110993043823e-11, 2.949937298154084e-15, 2.607869390787122e-10, 1.6468843630597306e-06, -5.684813434594968e-07, 2.7435466643230512e-11, 9.196823613242023e-11, ]
19!!! [ -1.6502840155701425e-09, -1.1825642240993229e-12, -2.8442301531832296e-10, 4.114447607017953e-12, -2.9740525035239005e-12, -5.532709705442643e-16, 1.1080926753144584e-09, 4.080398555060108e-06, -1.5041425638300167e-06, -3.420153703550597e-10, 6.060241319400429e-10, ]
!!! [3.66181196e+11 3.73453425e+11 6.29780263e+11]



[ 3.871990838609719e-09, -1.6418746442929332e-12, -6.569802103929952e-11, 2.2954805641874336e-11, -2.625483255390138e-10, -2.3258055213031815e-15, 1.107203770486554e-15, 1.3269564041965774e-05, -2.2524206148353264e-06, -9.312613249094208e-09, 1.0183985029287346e-09, ],
[ 1.1545033671253255e-08, -1.6184009307067586e-12, -3.1606739552798644e-11, 5.59835283879149e-11, -2.2293045176183976e-10, -1.7583591957363527e-15, 6.364922171167193e-16, 1.6083190252155923e-05, -2.465531227983224e-06, -1.05039129345849e-08, 1.1236318782283366e-09, ],
[ -1.291934111174404e-08, -3.272276390869337e-13, -2.0562484270462465e-10, 1.4453739645533288e-12, -3.243792229175258e-12, -1.1654554770916937e-15, 3.44874339033871e-10, 6.581319979402032e-06, -8.168609113986956e-07, 3.5581469871636896e-10, 2.1696111796117455e-10, ],
[ -6.395785900499008e-09, -3.455010673819959e-13, -6.721580523729902e-10, 1.9241020559760175e-11, -6.727181852215721e-11, -8.069445813859906e-16, 1.0497133811687078e-10, 1.1660174934795874e-05, -1.2463699796094077e-06, -1.7557993691863516e-09, 5.14612795425654e-10, ],
[ -5.731916753008987e-09, -6.814946353838164e-13, -2.4643965087297976e-10, 8.364229958212824e-12, -8.6893183539269e-11, -1.1202604302029245e-15, 3.3470136534545153e-10, 9.745139490604613e-06, -1.414724144748644e-06, -2.4027488572839885e-09, 4.2542944627132724e-10, ],
[ -6.395785900499008e-09, -3.455010673819959e-13, -6.721580523729902e-10, 1.9241020559760175e-11, -6.727181852215721e-11, -8.069445813859906e-16, 1.0497133811687078e-10, 1.1660174934795874e-05, -1.2463699796094077e-06, -1.7557993691863516e-09, 5.14612795425654e-10, ],
[ -3.361603297116348e-09, -8.064470282650512e-13, -4.356153145376865e-10, 2.2682016148155324e-11, -1.1285942743571629e-10, -1.1805319446733924e-15, 2.7192034372080165e-10, 3.89039626752912e-06, -9.462416651551929e-07, -1.56690059590856e-09, 2.2792818189449348e-10, ],
[ 3.635320944243889e-09, -1.70853693528273e-12, -4.03020870736564e-11, 1.4702555020835697e-11, -2.1441425933219025e-10, -2.0402055858868915e-15, -2.169647487593982e-11, 1.2285708202562151e-05, -2.97392464552892e-06, -8.295172002916574e-09, 1.0596931569034032e-09, ],
[ 1.5748912674541486e-08, -1.7081308860632133e-12, 5.096784688740273e-12, 5.940423924814974e-11, -3.806699712000585e-10, -1.796076926049312e-15, -2.998950849438942e-11, 1.6768645777603747e-05, -4.172401662018235e-06, -1.1285329668890866e-08, 1.5107231480967944e-09, ],
[ -9.653049801615194e-09, -5.085084080939686e-13, -5.193227542834144e-10, 2.2150208996551937e-11, -7.153939837526577e-11, -1.2818990188541566e-15, 3.857311573958039e-10, 7.746383356715923e-06, -2.1353914725327557e-06, -2.441545193116338e-09, 8.528722362329383e-10, ],
Fitness: 

[3.21085254e+11 2.68768008e+11 4.93527686e+11]
[5.31985247e+10 7.16174476e+11 7.53413443e+11]
[3.78882760e+11 5.90712672e+11 8.55930604e+11]
[4.49153088e+11 6.51716107e+11 9.66123269e+11]
[2.24169535e+11 9.08574821e+11 1.06549350e+12]
[5.40567374e+11 7.21053278e+11 1.09945044e+12]
[6.25391345e+11 1.94041561e+12 2.37818956e+12]
[2.74674976e+12 3.05016295e+12 4.97288778e+12]
[2.46365950e+12 4.02495564e+12 5.74951729e+12]
[3.68860093e+12 4.85026736e+12 7.43228801e+12]
[2.68393466e+12 5.92419976e+12 7.80295402e+12]
[5.59524321e+12 5.89067463e+12 9.80734488e+12]
[8.63725937e+12 1.51901060e+13 2.12361875e+13]
[2.35052728e+13 5.05420381e+13 6.69957291e+13]
[2.50244938e+13 4.98064793e+13 6.73236250e+13]
[3.46876460e+13 6.09388879e+13 8.52202401e+13]
[4.66889740e+13 8.39553778e+13 1.16637660e+14]
[5.26800156e+13 1.15003183e+14 1.51879193e+14]
[1.11803378e+14 2.21994861e+14 3.00257226e+14]
[1.75938405e+14 3.29080637e+14 4.52237520e+14]

After Selection: 

[ 7.61751723e-10 -4.99405482e-13 -9.77122573e-13  4.86287940e-11
 -2.34035031e-10 -1.71000318e-15  9.35962292e-16  1.02871553e-05
 -1.77566359e-06 -1.28668729e-08  9.13919150e-10]
[ 1.42467195e-08 -1.45799022e-12  4.35587649e-13  3.68287859e-11
 -1.17307643e-10 -2.86119644e-15  1.34006843e-15  8.75608075e-06
 -2.04737739e-06 -8.70962015e-09  9.98214034e-10]
[ 3.87199084e-09 -1.64187464e-12 -6.56980210e-11  2.29548056e-11
 -2.62548326e-10 -2.32580552e-15  1.10720377e-15  1.32695640e-05
 -2.25242061e-06 -9.31261325e-09  1.01839850e-09]
[ 0.00000000e+00 -1.45799022e-12 -3.31460127e-13  4.62010753e-11
 -2.52017033e-10 -1.83669770e-15  8.52944060e-16  1.28896815e-05
 -2.04721003e-06 -1.31204305e-08  9.98214034e-10]
[ 1.15450337e-08 -1.61840093e-12 -3.16067396e-11  5.59835284e-11
 -2.22930452e-10 -1.75835920e-15  6.36492217e-16  1.60831903e-05
 -2.46553123e-06 -1.05039129e-08  1.12363188e-09]
[-9.65304980e-09 -5.08508408e-13 -5.19322754e-10  2.21502090e-11
 -7.15393984e-11 -1.28189902e-15  3.85731157e-10  7.74638336e-06
 -2.13539147e-06 -2.44154519e-09  8.52872236e-10]
[ 2.01632667e-08 -1.09349680e-12 -3.56724908e-11  6.76249123e-11
 -1.63059393e-10 -1.24160603e-15  1.10124904e-15  1.21065181e-05
 -2.27545697e-06 -1.32429739e-08  1.14586519e-09]
[ 9.46656062e-09 -1.44874259e-12 -4.24883070e-11  3.03352764e-11
 -2.80475897e-10 -2.12969629e-15  6.48564008e-16  1.91168251e-05
 -3.58504669e-06 -5.57518066e-09  1.49180748e-09]
[ 9.42747190e-12 -6.36238598e-13 -5.37169341e-13  3.54761408e-11
 -2.60940790e-10 -1.45003576e-15  5.01752816e-16  1.86131653e-05
 -2.20553036e-06 -1.72145721e-08  1.04550454e-09]
[-8.85733816e-09 -5.07812926e-13 -4.79720112e-10  1.01170537e-11
 -3.06705153e-11 -1.02682468e-15  3.56260598e-10  7.94050341e-06
 -1.11719820e-06 -9.83581835e-10  3.17271532e-10]

109 [ 2.0280090989537078e-08, -1.8301453919945363e-12, 8.610604956539491e-13, 3.5730948507394e-11, -1.0152825370069832e-10, -3.610537983580103e-15, 1.3971284834660515e-15, 4.722455956823528e-06, -1.1524457863398273e-06, -8.19295317366421e-09, 9.982140339999997e-10, ]
109 [ 1.511555440391922e-08, -1.6136464211286732e-12, -3.067975272672973e-11, 5.569358037447653e-11, -3.0443417775165735e-10, -2.5804307141491463e-15, 6.42907763532844e-16, 1.5988535923410298e-05, -2.9649985752126828e-06, -1.0581465474096543e-08, 1.5824185963201553e-09, ]
109 [ -1.4497193893601646e-09, -2.462945884136115e-12, -4.2130943359536483e-13, 2.7944665506336127e-11, -3.864975201658564e-10, -1.7166914836175404e-15, 7.958840070626664e-16, 1.7123129494053364e-05, -6.626870087054799e-07, -1.3637097505635705e-08, 4.660642907003084e-10, ]
109 [ 2.016326668021201e-08, -1.0934967970001078e-12, -3.5672490792252834e-11, 6.762491230434844e-11, -1.6305939319732392e-10, -1.2416060339895295e-15, 1.1012490361913086e-15, 1.2106518130928528e-05, -2.2754569718979087e-06, -1.3242973878699356e-08, 1.145865192730693e-09, ]
109 [ 7.617517228255489e-10, -4.994054818864424e-13, -9.771225733271581e-13, 4.862879395856378e-11, -2.3403503067770084e-10, -1.710003179058606e-15, 9.359622923290425e-16, 1.0287155315482502e-05, -1.7756635933143241e-06, -1.2866872894466542e-08, 9.139191504569098e-10, ]
108 [ 9.427471904910265e-12, -6.362385978496543e-13, -5.371693409689632e-13, 3.5476140848010214e-11, -2.609407902477393e-10, -1.4500357569326248e-15, 5.017528155760061e-16, 1.8613165295169597e-05, -2.2055303623417466e-06, -1.7214572145303077e-08, 1.0455045387962058e-09, ]
108 [ 0.0, -1.45799022e-12, -3.3146012736474777e-13, 4.62010753e-11, -2.520170327502467e-10, -1.8366977e-15, 8.5294406e-16, 1.2889681458832238e-05, -2.04721003e-06, -1.3120430532428684e-08, 9.98214034e-10, ]
109 [ 6.548818776069311e-09, -9.76399465623316e-13, -3.219490788841434e-11, 5.336559874215065e-11, -3.693223446937061e-10, -1.7381155366172715e-15, 3.4362210946734427e-16, 1.0661950379079479e-05, -2.4732068517494847e-06, -1.7165494654564156e-08, 1.5374661638438406e-09, ]
109 [ -4.5935499436085294e-11, -2.2457132065649947e-13, -4.0579764531748866e-11, 4.660577716114877e-11, -2.216200396906061e-10, -1.6772951658328477e-15, 2.9471495599453453e-11, 1.327919685123515e-05, -1.8031475220515068e-06, -1.207035702745002e-08, 1.3894414644824653e-09, ]
109 [ 1.4296311603889424e-08, -1.4550457241106614e-12, 3.7536475907418035e-13, 3.6477181782516137e-11, -1.1242418509814704e-10, -4.346835254529484e-15, 5.754948910442139e-16, 7.912664173105719e-06, -2.039701764056508e-06, -1.1752933328785284e-08, 9.959118664879119e-10, ]