Generation:  0

This:
[-9.35790997e-10 -1.45799022e-12 -2.28980078e-13  4.62010753e-11
 -1.64435289e-10 -1.83669770e-15  8.52944060e-16  2.29423303e-05
 -2.07353714e-06 -1.59792834e-08  9.98214034e-10]
[ 0.00000000e+00 -1.19921270e-12 -2.28980078e-13  5.47828049e-11
 -1.75214813e-10 -2.33418262e-15  8.52944060e-16  2.29423303e-05
 -2.04721003e-06 -1.59792834e-08  9.98214034e-10]
[ 0.00000000e+00 -1.21142802e-12 -2.28980078e-13  4.62010753e-11
 -1.75214813e-10 -1.83669770e-15  8.52944060e-16  2.29423303e-05
 -2.04721003e-06 -1.59792834e-08  9.98214034e-10]
[ 0.00000000e+00  0.00000000e+00 -3.09539734e-13  3.60709257e-11
 -1.75214813e-10 -1.83669770e-15  9.92295678e-16  2.67585316e-05
 -2.04721003e-06 -1.59792834e-08  9.98214034e-10]
[ 0.00000000e+00 -1.45799022e-12 -3.10261593e-13  6.73594067e-11
 -9.08661419e-11 -2.74724409e-15  1.16316708e-15  3.13249199e-05
 -2.04721003e-06 -1.59792834e-08  9.98214034e-10]
[-8.99195397e-09 -1.45799022e-12 -2.28980078e-13  4.62010753e-11
 -1.75214813e-10 -2.36412951e-15  8.52944060e-16  2.47748864e-05
 -2.09358520e-06 -1.90744341e-08  9.98214034e-10]
[-3.81328579e-09 -1.45799022e-12 -3.36547195e-13  4.15158797e-11
 -1.75214813e-10  0.00000000e+00  6.28357303e-16  2.29423303e-05
 -2.04721003e-06 -1.39745072e-08  9.98214034e-10]
[ 0.00000000e+00 -1.45799022e-12  0.00000000e+00  6.79308806e-11
 -1.94584834e-10 -1.83669770e-15  8.52944060e-16  2.29423303e-05
 -2.04721003e-06 -2.28434355e-08  9.98214034e-10]
[-4.15981322e-09 -1.45799022e-12 -2.28980078e-13  0.00000000e+00
 -1.75214813e-10 -1.83669770e-15  5.12195505e-16  2.29423303e-05
 -2.04721003e-06 -2.34515157e-08  9.98214034e-10]
[ 0.00000000e+00 -1.45799022e-12 -2.28980078e-13  3.95340755e-11
 -1.75214813e-10 -1.83669770e-15  8.52944060e-16  2.29423303e-05
 -2.04721003e-06 -8.36470922e-09  9.98214034e-10]
[-9.88479524e-09 -1.62142255e-12 -2.28980078e-13  3.12678027e-11
 -1.75214813e-10 -1.83669770e-15  8.52944060e-16  1.61363835e-05
 -2.04721003e-06 -2.16582459e-08  9.98214034e-10]
[ 3.91913237e-09 -1.45799022e-12  0.00000000e+00  4.84079822e-11
 -1.75214813e-10 -1.83669770e-15  8.52944060e-16  1.55308407e-05
 -2.15461338e-06 -1.59792834e-08  1.31812012e-09]
[ 0.00000000e+00 -1.45799022e-12 -2.28980078e-13  4.62010753e-11
 -1.75214813e-10 -1.83669770e-15  9.04438325e-16  2.29423303e-05
 -2.04721003e-06 -1.59792834e-08  1.31793663e-09]
[-3.98011706e-09 -1.45799022e-12 -2.47238555e-13  4.62010753e-11
 -1.75214813e-10 -1.83669770e-15  8.52944060e-16  2.29423303e-05
 -2.04721003e-06  0.00000000e+00  9.98214034e-10]
[ 3.54199464e-09 -1.45799022e-12 -2.28980078e-13  4.62010753e-11
 -1.75214813e-10 -1.83669770e-15  8.52944060e-16  2.29423303e-05
 -3.00322376e-06 -1.59792834e-08  9.98214034e-10]
[ 7.70624029e-09 -2.06052316e-12 -2.28980078e-13  4.62010753e-11
 -1.75214813e-10 -1.12183367e-15  8.52944060e-16  2.29423303e-05
 -1.10944880e-06 -1.59792834e-08  9.98214034e-10]
[-8.10081742e-09 -1.45799022e-12 -3.22238841e-13  4.62010753e-11
 -2.40133260e-10 -1.83669770e-15  8.52944060e-16  7.61809170e-09
 -2.04721003e-06 -1.59792834e-08  6.99601440e-10]
[ 0.00000000e+00 -1.45799022e-12 -3.27355743e-13  4.62010753e-11
 -1.75214813e-10 -1.83669770e-15  0.00000000e+00  2.29423303e-05
 -2.37043921e-06 -1.26413761e-08  5.51574832e-10]
[-8.13975469e-10 -1.45799022e-12 -2.28980078e-13  4.62010753e-11
 -1.81787078e-10 -1.11551907e-15  8.52944060e-16  2.29423303e-05
 -2.04721003e-06 -1.59792834e-08  0.00000000e+00]
[ 0.00000000e+00 -1.07522446e-12 -2.28980078e-13  5.87952841e-11
 -1.75214813e-10 -1.83669770e-15  8.52944060e-16  2.29423303e-05
 -2.04721003e-06 -1.57971653e-08  0.00000000e+00]
[6.71616142e+10 2.13627618e+11 2.80789232e+11]
[1.01426464e+11 2.17828926e+11 3.19255389e+11]
[1.35107233e+10 3.68296593e+11 3.81807316e+11]
[5.41556919e+11 2.15480869e+12 2.69636561e+12]
[1.34161122e+12 4.73573793e+12 6.07734916e+12]
[2.96264535e+12 3.64406210e+12 6.60670745e+12]
[3.80216936e+12 7.42951468e+12 1.12316840e+13]
[9.06749327e+12 1.43513111e+13 2.34188043e+13]
[1.07458971e+13 1.72700347e+13 2.80159318e+13]
[1.12331289e+13 2.56203204e+13 3.68534493e+13]
[1.42316926e+13 2.36878642e+13 3.79195567e+13]
[2.04342392e+13 4.27053709e+13 6.31396101e+13]
[4.64985137e+13 9.60393757e+13 1.42537889e+14]
[4.93369863e+13 1.02780377e+14 1.52117363e+14]
[7.53575785e+13 1.37049290e+14 2.12406869e+14]
[7.94403338e+13 1.60159402e+14 2.39599735e+14]
[1.12142226e+14 2.06967547e+14 3.19109774e+14]
[1.21119626e+14 2.16940819e+14 3.38060445e+14]
[4.35209937e+14 8.08688983e+14 1.24389892e+15]
[4.48613004e+14 8.24870706e+14 1.27348371e+15]


Generation:  1

This:
[-9.35790997e-10 -1.45799022e-12 -2.28980078e-13  4.62010753e-11
 -1.64435289e-10 -1.83669770e-15  8.52944060e-16  2.29423303e-05
 -2.07353714e-06 -1.59792834e-08  9.98214034e-10]
[ 0.00000000e+00 -1.19921270e-12 -2.28980078e-13  5.47828049e-11
 -1.75214813e-10 -2.33418262e-15  8.52944060e-16  2.29423303e-05
 -2.04721003e-06 -1.59792834e-08  9.98214034e-10]
[ 0.00000000e+00 -1.17687722e-12 -2.31277697e-13  4.59121561e-11
 -1.75214813e-10 -1.83669770e-15  8.56918468e-16  2.30511711e-05
 -2.04721003e-06 -1.72298310e-08  1.00789244e-09]
[ 0.00000000e+00 -1.21142802e-12 -2.28980078e-13  4.62010753e-11
 -1.75214813e-10 -1.83669770e-15  8.52944060e-16  2.29423303e-05
 -2.04721003e-06 -1.59792834e-08  9.98214034e-10]
[ 0.00000000e+00 -1.03752988e-12 -2.09118693e-13  3.12782912e-11
 -2.34705185e-10 -1.19449738e-15  6.34146507e-16  1.70301640e-05
 -2.04721003e-06 -1.59792834e-08  9.98214034e-10]
[-1.11086421e-08 -1.45799022e-12 -3.17484021e-13  4.10859222e-11
 -9.71505969e-11 -1.85614947e-15  6.35177971e-16  2.52062665e-05
 -2.66080169e-06 -1.09502603e-08  1.11228412e-09]
[-2.66960214e-09 -5.47410033e-13 -4.01744167e-13  3.98834414e-11
 -1.75214813e-10 -5.50655828e-16  7.37468774e-16  2.40864562e-05
 -2.04721003e-06 -1.47248742e-08  8.90864196e-10]
[ 0.00000000e+00  0.00000000e+00 -3.09539734e-13  3.60709257e-11
 -1.75214813e-10 -1.83669770e-15  9.92295678e-16  2.67585316e-05
 -2.04721003e-06 -1.59792834e-08  9.98214034e-10]
[ 0.00000000e+00 -1.63188836e-12 -3.28770332e-13  8.22821909e-11
 -2.59912010e-11 -4.98252477e-15  1.38196463e-15  3.40225840e-05
 -2.04721003e-06 -1.59792834e-08  9.42090204e-10]
[-1.14325185e-09 -4.37116468e-13 -3.17636774e-13  3.77033640e-11
 -1.75214813e-10 -1.28604187e-15  8.83184207e-16  2.56144057e-05
 -2.04721003e-06 -1.53782364e-08  9.98214034e-10]
[ 0.00000000e+00 -1.45799022e-12 -3.10261593e-13  6.73594067e-11
 -9.08661419e-11 -2.74724409e-15  1.16316708e-15  3.13249199e-05
 -2.04721003e-06 -1.59792834e-08  9.98214034e-10]
[ 0.00000000e+00 -1.07901864e-12 -2.28980078e-13  6.18653625e-11
 -1.75214813e-10 -2.56524881e-15  9.08939593e-16  2.29423303e-05
 -2.04721003e-06 -1.95160149e-08  9.98214034e-10]
[-3.60593671e-09 -1.85510188e-12 -3.30698186e-13  4.22372745e-11
 -2.02164350e-10 -1.26922201e-16  5.30425778e-16  2.29423303e-05
 -2.04721003e-06 -1.40835178e-08  9.98214034e-10]
[-3.83487320e-09 -1.46624406e-12 -3.36700087e-13  4.15467041e-11
 -2.09988285e-10  1.03977389e-17  6.26297009e-16  2.29207264e-05
 -2.04721003e-06 -1.39631579e-08  9.98214034e-10]
[ 2.15874120e-11  8.25383602e-15 -2.38155517e-13  3.60401012e-11
 -1.75214813e-10 -1.84709544e-15  9.94355972e-16  2.14040426e-05
 -2.04721003e-06 -9.98615048e-09  7.86315725e-10]
[ 1.86921918e-09 -1.45799022e-12  1.02892589e-13  9.84557379e-11
 -2.03288786e-10 -1.83669770e-15  1.00606001e-15  2.29423303e-05
 -2.04721003e-06 -2.25701937e-08  9.98214034e-10]
[ 0.00000000e+00 -1.45799022e-12 -1.58623992e-15  3.97273263e-11
 -1.94450650e-10 -1.83669770e-15  8.52944060e-16  2.29423303e-05
 -2.04721003e-06 -2.27431354e-08  9.98214034e-10]
[ 2.75687369e-09 -1.45799022e-12  5.39014561e-14  7.30460337e-11
 -1.88571538e-10 -1.71254130e-15  8.52944060e-16  2.25109502e-05
 -2.03629341e-06 -2.37306510e-08  9.98214034e-10]
[ 0.00000000e+00 -2.30509950e-14 -3.07242114e-13  3.63598448e-11
 -1.39115912e-10 -1.83669770e-15  9.88321270e-16  3.89597579e-05
 -1.91054493e-06 -1.89051412e-08  1.00865938e-09]
[-5.64682554e-09 -1.45799022e-12 -1.99924299e-13 -2.40790300e-11
 -2.57419785e-10 -2.19827158e-15  2.79492089e-16  1.99457982e-05
 -2.04721003e-06 -2.61226215e-08  9.98214034e-10]
[6.71616142e+10 2.13627618e+11 2.80789232e+11]
[1.01426464e+11 2.17828926e+11 3.19255389e+11]
[1.18347412e+11 2.04150400e+11 3.22497812e+11]
[1.35107233e+10 3.68296593e+11 3.81807316e+11]
[6.60454054e+11 1.04291151e+12 1.70336557e+12]
[1.07038465e+12 6.96194571e+11 1.76657922e+12]
[8.09453797e+11 1.19466057e+12 2.00411437e+12]
[5.41556919e+11 2.15480869e+12 2.69636561e+12]
[1.94333658e+12 1.18603811e+12 3.12937469e+12]
[1.17290413e+12 3.35750170e+12 4.53040583e+12]
[1.34161122e+12 4.73573793e+12 6.07734916e+12]
[3.82855230e+12 4.75500205e+12 8.58355434e+12]
[3.34358634e+12 6.69856529e+12 1.00421516e+13]
[3.83001728e+12 7.46964586e+12 1.12996631e+13]
[5.06349537e+12 6.68246403e+12 1.17459594e+13]
[8.35974465e+12 1.31288165e+13 2.14885611e+13]
[8.80435125e+12 1.38961508e+13 2.27005020e+13]
[1.10132481e+13 1.79332034e+13 2.89464515e+13]
[1.00509242e+13 2.39476017e+13 3.39985260e+13]
[2.71511690e+13 4.56615891e+13 7.28127582e+13]


Generation:  2

This:
[-9.35790997e-10 -1.45799022e-12 -2.28980078e-13  4.62010753e-11
 -1.64435289e-10 -1.83669770e-15  8.52944060e-16  2.29423303e-05
 -2.07353714e-06 -1.59792834e-08  9.98214034e-10]
[ 6.60156851e-10 -1.14974384e-12 -2.22956952e-13  4.63779905e-11
 -9.67880270e-11 -1.83482019e-15  8.78321146e-16  2.28431585e-05
 -1.98798537e-06 -1.78359433e-08  9.97816423e-10]
[ 0.00000000e+00 -1.19921270e-12 -2.28980078e-13  5.47828049e-11
 -1.75214813e-10 -2.33418262e-15  8.52944060e-16  2.29423303e-05
 -2.04721003e-06 -1.59792834e-08  9.98214034e-10]
[ 0.00000000e+00 -1.17687722e-12 -2.31277697e-13  4.59121561e-11
 -1.75214813e-10 -1.83669770e-15  8.56918468e-16  2.30511711e-05
 -2.04721003e-06 -1.72298310e-08  1.00789244e-09]
[-1.49400440e-09 -1.60506828e-12 -2.70694811e-13  5.74983705e-11
 -1.58005142e-10 -1.83669770e-15  8.52944060e-16  2.29423303e-05
 -2.08924165e-06 -1.59792834e-08  9.98214034e-10]
[ 0.00000000e+00 -1.21142802e-12 -2.28980078e-13  4.62010753e-11
 -1.75214813e-10 -1.83669770e-15  8.52944060e-16  2.29423303e-05
 -2.04721003e-06 -1.59792834e-08  9.98214034e-10]
[-7.76355433e-11 -1.15884635e-12 -2.35000546e-13  4.00077254e-11
 -1.75214813e-10 -1.79930396e-15  8.54997597e-16  2.31237847e-05
 -2.04721003e-06 -1.59384677e-08  9.98214034e-10]
[-1.76323341e-12 -1.03669109e-12 -2.09270296e-13  3.12872672e-11
 -2.86565084e-10 -1.19462527e-15  6.34494420e-16  1.70421564e-05
 -2.04721003e-06 -1.39096726e-08  9.98214034e-10]
[ 0.00000000e+00 -1.80497052e-12 -2.29050184e-13  4.61922597e-11
 -1.75214813e-10 -1.19111568e-15  8.53065329e-16  2.29456513e-05
 -2.04721003e-06 -1.60174407e-08  9.98509346e-10]
[ 0.00000000e+00 -1.03752988e-12 -2.09118693e-13  3.12782912e-11
 -2.34705185e-10 -1.19449738e-15  6.34146507e-16  1.70301640e-05
 -2.04721003e-06 -1.59792834e-08  9.98214034e-10]
[ 6.20738130e-09 -2.22053808e-12 -1.49598837e-13  2.84376822e-11
 -2.23583451e-10 -8.13863303e-16  4.21870407e-16  1.46922354e-05
 -2.04721003e-06 -1.59792834e-08  9.98214034e-10]
[ 3.41271464e-11 -8.11599339e-13 -2.28980078e-13  4.62010753e-11
 -1.75607929e-10 -1.83669770e-15  8.52944060e-16  2.29423303e-05
 -2.26228219e-06 -9.74236198e-09  9.98214034e-10]
[-1.14165469e-09 -3.12498289e-13 -3.17485171e-13  3.76943879e-11
 -1.75297923e-10 -1.28591398e-15  8.82836294e-16  2.56024132e-05
 -2.04721003e-06 -1.53790760e-08  9.98214034e-10]
[-1.17920965e-09 -1.30223613e-13 -3.33003044e-13  3.62305127e-11
 -1.77083155e-10 -1.19060040e-15  8.88425529e-16  2.60775385e-05
 -2.04264693e-06 -1.52740609e-08  9.98214034e-10]
[-9.69918143e-10 -1.70823124e-12 -2.28980078e-13  4.62010753e-11
 -1.64042173e-10 -2.08515695e-15  8.52944060e-16  2.29423303e-05
 -2.07449725e-06 -1.59792834e-08  1.07706242e-09]
[ 0.00000000e+00  6.14947109e-13 -3.69059589e-13  2.17430540e-11
 -1.39954689e-10 -2.21733178e-15  1.20457178e-15  3.25245646e-05
 -2.04721003e-06 -1.59792834e-08  9.98214034e-10]
[-1.52974617e-09 -2.39327387e-13 -3.47608569e-13  3.48305786e-11
 -1.75214813e-10 -1.33265318e-15  8.93407366e-16  3.68096796e-05
 -2.04721003e-06 -1.68448587e-08  9.98214034e-10]
[-1.21940914e-09 -6.59401720e-13 -3.11616307e-13  4.78133237e-11
 -1.75214813e-10 -1.32343561e-15  5.31844248e-16  3.37500209e-05
 -2.04721003e-06 -1.54190521e-08  9.98214034e-10]
[-8.99833201e-10 -1.63493141e-12 -3.05466053e-13  4.76739265e-11
 -1.62566947e-10 -1.93213917e-15  8.47702738e-16  2.94999221e-05
 -2.60875676e-06 -1.60834588e-08  9.98214034e-10]
[-6.79691263e-09 -1.72929106e-12 -3.51234826e-13  8.84727735e-11
  9.69360351e-12 -4.90389721e-15  1.50105622e-15  3.65169388e-05
 -2.20233103e-06 -1.02249214e-08  6.90443467e-10]
[6.71616142e+10 2.13627618e+11 2.80789232e+11]
[1.31788634e+11 1.81639858e+11 3.13428493e+11]
[1.01426464e+11 2.17828926e+11 3.19255389e+11]
[1.18347412e+11 2.04150400e+11 3.22497812e+11]
[1.53674585e+11 2.27046308e+11 3.80720893e+11]
[1.35107233e+10 3.68296593e+11 3.81807316e+11]
[1.95729198e+10 4.52241383e+11 4.71814303e+11]
[1.10313768e+11 6.19824868e+11 7.30138636e+11]
[1.63128164e+11 8.18451163e+11 9.81579327e+11]
[6.60454054e+11 1.04291151e+12 1.70336557e+12]
[1.16234419e+12 2.03227620e+12 3.19462039e+12]
[9.57417959e+11 2.48566034e+12 3.44307830e+12]
[1.16747556e+12 3.34494348e+12 4.51241904e+12]
[1.70974427e+12 4.49207694e+12 6.20182121e+12]
[1.71179528e+12 5.27207961e+12 6.98387489e+12]
[2.64894819e+12 7.58031070e+12 1.02292589e+13]
[6.33220277e+12 1.45689953e+13 2.09011981e+13]
[6.59873613e+12 1.51012658e+13 2.17000019e+13]
[1.62674341e+13 2.60556441e+13 4.23230782e+13]
[2.42323501e+13 2.80013163e+13 5.22336664e+13]


Generation:  3

This:
[-9.35790997e-10 -1.45799022e-12 -2.28980078e-13  4.62010753e-11
 -1.64435289e-10 -1.83669770e-15  8.52944060e-16  2.29423303e-05
 -2.07353714e-06 -1.59792834e-08  9.98214034e-10]
[ 0.00000000e+00 -1.17487560e-12 -2.25990469e-13  5.12448182e-11
 -1.37867662e-10 -1.91797501e-15  8.20009840e-16  2.20524091e-05
 -2.04721003e-06 -1.59792834e-08  9.98214034e-10]
[ 6.60156851e-10 -1.14974384e-12 -2.22956952e-13  4.63779905e-11
 -9.67880270e-11 -1.83482019e-15  8.78321146e-16  2.28431585e-05
 -1.98798537e-06 -1.78359433e-08  9.97816423e-10]
[-2.77021062e-10 -8.59259424e-13 -2.03619612e-13  4.24699239e-11
 -1.72792168e-10 -1.99800259e-15  8.54708516e-16  2.30982409e-05
 -2.05312692e-06 -1.59442134e-08  9.98214034e-10]
[ 0.00000000e+00 -1.19921270e-12 -2.28980078e-13  5.47828049e-11
 -1.75214813e-10 -2.33418262e-15  8.52944060e-16  2.29423303e-05
 -2.04721003e-06 -1.59792834e-08  9.98214034e-10]
[ 0.00000000e+00 -1.17687722e-12 -2.31277697e-13  4.59121561e-11
 -1.75214813e-10 -1.83669770e-15  8.56918468e-16  2.30511711e-05
 -2.04721003e-06 -1.72298310e-08  1.00789244e-09]
[-3.56409613e-10 -1.27469360e-12 -2.35684440e-13  4.80167685e-11
 -1.72448887e-10 -1.83669770e-15  4.28547731e-16  2.29423303e-05
 -2.05396532e-06 -1.59792834e-08  9.98214034e-10]
[-1.70490725e-09 -1.53303329e-12 -2.94223589e-13  3.60257473e-11
 -1.55575718e-10 -1.83669770e-15  8.52944060e-16  2.29423303e-05
 -2.09517509e-06 -1.59792834e-08  1.01552606e-09]
[-1.49400440e-09 -1.60506828e-12 -2.70694811e-13  5.74983705e-11
 -1.58005142e-10 -1.83669770e-15  8.52944060e-16  2.29423303e-05
 -2.08924165e-06 -1.59792834e-08  9.98214034e-10]
[-8.87384206e-10 -1.47593889e-12 -1.70597140e-13  3.05509556e-11
 -2.00707259e-10 -1.35212225e-15  8.52950333e-16  2.29425021e-05
 -2.07217528e-06 -1.59812572e-08  9.98229310e-10]
[ 6.75267927e-10 -1.13474561e-12 -2.22817477e-13  4.63822419e-11
 -1.15819424e-10 -1.06960919e-15  5.09707544e-16  2.26139676e-05
 -1.98662971e-06 -1.78775690e-08  9.97800562e-10]
[-9.50261174e-10 -1.46180282e-12 -2.28980078e-13  4.40976874e-11
 -1.34248226e-10 -9.35932384e-16  8.52944060e-16  2.29423303e-05
 -2.07394423e-06 -1.59792834e-08  9.98214034e-10]
[-4.84067905e-11 -1.78060458e-12 -2.29046558e-13  4.61927157e-11
 -1.74657208e-10 -1.14262255e-15  8.53059056e-16  2.29454795e-05
 -2.04857188e-06 -1.60154669e-08  9.98494070e-10]
[-8.40214275e-10 -1.20131718e-12 -2.63990449e-13  6.01485638e-11
 -1.38792386e-10 -1.83669770e-15  8.52944060e-16  2.29423303e-05
 -2.08248636e-06 -1.32352291e-08  9.98214034e-10]
[-1.03450339e-11 -1.20407399e-12 -2.29822095e-13  4.53348787e-11
 -1.95724610e-10 -2.65673951e-15  8.53231266e-16  1.70636883e-05
 -2.04721003e-06 -1.59735750e-08  1.11454751e-09]
[-1.59783648e-09 -1.54225259e-12 -2.65670046e-13  5.50361720e-11
 -1.60427787e-10 -1.24238204e-15  8.53233141e-16  2.29678740e-05
 -2.08332476e-06 -1.39479170e-08  8.90577795e-10]
[ 0.00000000e+00 -1.06186698e-12 -2.12108302e-13  3.48162778e-11
 -2.25750474e-10 -7.74342584e-16  6.67080727e-16  1.88881757e-05
 -2.61876715e-06 -2.38211596e-08  1.27598373e-09]
[ 2.10902848e-10 -1.15585934e-12 -2.23091370e-13  4.07965524e-11
 -1.77644236e-10 -1.83669770e-15  8.52944060e-16  2.29423303e-05
 -2.57813301e-06 -1.66460341e-08  9.98214034e-10]
[-1.14743185e-11 -1.81996875e-12 -3.27125345e-13  6.79987139e-11
 -1.77010012e-10 -1.17638120e-15  8.52487220e-16  1.25731358e-05
 -2.04856569e-06 -8.59549311e-09  1.20188470e-09]
[ 1.60098295e-10 -1.86433309e-12 -2.29062178e-13  4.61907515e-11
 -1.77059010e-10 -1.08066732e-15  1.23256368e-15  3.26570755e-05
 -1.50090522e-06 -2.26411329e-08  5.01064243e-10]
[6.71616142e+10 2.13627618e+11 2.80789232e+11]
[5.62224048e+10 2.26868885e+11 2.83091290e+11]
[1.31788634e+11 1.81639858e+11 3.13428493e+11]
[2.36947683e+10 2.90919380e+11 3.14614149e+11]
[1.01426464e+11 2.17828926e+11 3.19255389e+11]
[1.18347412e+11 2.04150400e+11 3.22497812e+11]
[1.63589723e+10 3.07442360e+11 3.23801332e+11]
[1.76794542e+10 3.23822980e+11 3.41502435e+11]
[1.53674585e+11 2.27046308e+11 3.80720893e+11]
[3.32823383e+10 3.77437971e+11 4.10720309e+11]
[8.61101896e+10 3.72769492e+11 4.58879681e+11]
[1.38404644e+11 6.32127277e+11 7.70531922e+11]
[1.78121237e+11 8.41045690e+11 1.01916693e+12]
[8.28008013e+11 2.88169104e+12 3.70969906e+12]
[1.07042802e+12 3.70283891e+12 4.77326694e+12]
[2.04801105e+12 2.85369221e+12 4.90170325e+12]
[8.59120925e+12 1.70497555e+13 2.56409647e+13]
[2.60401316e+13 4.54140176e+13 7.14541492e+13]
[3.60731965e+13 7.26953890e+13 1.08768586e+14]
[4.02508484e+13 6.96133402e+13 1.09864189e+14]


Generation:  4

This:
[-7.90108698e-10 -1.43520895e-12 -2.28980078e-13  4.69565608e-11
 -1.65384256e-10 -1.88049338e-15  8.52944060e-16  2.29423303e-05
 -2.07121945e-06 -1.59792834e-08  9.98214034e-10]
[-9.35790997e-10 -1.45799022e-12 -2.28980078e-13  4.62010753e-11
 -1.64435289e-10 -1.83669770e-15  8.52944060e-16  2.29423303e-05
 -2.07353714e-06 -1.59792834e-08  9.98214034e-10]
[ 0.00000000e+00 -1.17487560e-12 -2.25990469e-13  5.12448182e-11
 -1.37867662e-10 -1.91797501e-15  8.20009840e-16  2.20524091e-05
 -2.04721003e-06 -1.59792834e-08  9.98214034e-10]
[ 6.60156851e-10 -1.14974384e-12 -2.22956952e-13  4.63779905e-11
 -9.67880270e-11 -1.83482019e-15  8.78321146e-16  2.28431585e-05
 -1.98798537e-06 -1.78359433e-08  9.97816423e-10]
[-2.77021062e-10 -8.59259424e-13 -2.03619612e-13  4.24699239e-11
 -1.72792168e-10 -1.99800259e-15  8.54708516e-16  2.30982409e-05
 -2.05312692e-06 -1.59442134e-08  9.98214034e-10]
[-3.82970218e-11 -1.20669346e-12 -2.87094841e-13  5.45347234e-11
 -1.46834400e-10 -2.31980128e-15  8.52944060e-16  2.29423303e-05
 -2.04797110e-06 -1.59792834e-08  9.98214034e-10]
[ 1.41092873e-10 -1.17107811e-12 -2.29499335e-13  4.60117172e-11
 -1.58452947e-10 -1.83629643e-15  8.61492783e-16  2.30067133e-05
 -2.03455216e-06 -1.73593732e-08  1.00573893e-09]
[ 0.00000000e+00 -1.19921270e-12 -2.28980078e-13  5.47828049e-11
 -1.75214813e-10 -2.33418262e-15  8.52944060e-16  2.29423303e-05
 -2.04721003e-06 -1.59792834e-08  9.98214034e-10]
[ 1.14946094e-09 -1.10048829e-12 -2.13798660e-13  4.77083306e-11
 -1.32760489e-10 -1.83457892e-15  8.81582291e-16  2.28304142e-05
 -1.97421070e-06 -1.80745379e-08  9.95540603e-10]
[ 2.37765897e-11 -1.18570908e-12 -2.31829035e-13  5.59652651e-11
 -1.73970838e-10 -1.92553912e-15  8.52943754e-16  3.21869767e-05
 -2.04599178e-06 -2.08035284e-08  9.98213289e-10]
[-1.71211428e-09 -1.58228883e-12 -4.30172573e-13  3.46954071e-11
 -1.82728984e-10 -1.83693897e-15  6.59644567e-16  2.29550746e-05
 -2.10894977e-06 -1.57406888e-08  1.01780188e-09]
[-8.66374764e-10 -1.19246403e-12 -1.69486838e-13  3.15724521e-11
 -1.99054554e-10 -1.38046288e-15  4.18742738e-16  2.29424920e-05
 -2.07111026e-06 -1.59811418e-08  9.98228417e-10]
[ 6.71584957e-11 -1.15153801e-12 -2.24120341e-13  5.22364945e-11
 -1.36713803e-10 -1.92327105e-15  8.17863843e-16  2.19944217e-05
 -2.04408462e-06 -1.73983504e-08  9.97085981e-10]
[-1.09038376e-09 -1.48944251e-12 -1.67748183e-13  2.93684954e-11
 -2.01951233e-10 -1.30419990e-15  1.16739466e-15  2.29425105e-05
 -2.07339353e-06 -1.87251438e-08  9.98230055e-10]
[-1.98681569e-09 -1.58704016e-12 -1.72583370e-13  4.23089910e-11
 -1.52048320e-10 -1.83669770e-15  9.41665691e-16  1.52432714e-05
 -2.10379015e-06 -1.59792834e-08  1.01914520e-09]
[ 1.40767026e-09 -5.89571468e-13 -2.20135828e-13  6.52552011e-11
 -6.51032601e-11 -1.83394080e-15  7.59232263e-16  2.27967082e-05
 -2.28581052e-06 -1.48287535e-08  9.97630189e-10]
[-8.23815900e-11 -1.22199397e-12 -2.28980078e-13  2.84933571e-11
 -1.74265847e-10 -2.29038695e-15  8.52944060e-16  2.69994273e-05
 -2.04952772e-06 -1.31811895e-08  8.23409421e-10]
[-3.87463919e-10 -1.24632014e-12 -2.31877778e-13  3.18236841e-11
 -1.74101591e-10 -1.80835707e-15  4.53369122e-16  3.16263568e-05
 -2.05503034e-06 -1.59793988e-08  9.98214927e-10]
[ 5.43195110e-10 -6.52929028e-13 -2.24735314e-13  4.62784294e-11
 -1.13549893e-10 -2.13543881e-15  8.73746832e-16  1.36459659e-05
 -2.00064324e-06 -1.77064012e-08  9.99969933e-10]
[-3.84641758e-10 -1.26912859e-12 -3.50099921e-13  5.19972603e-11
 -1.70127905e-10 -1.83669770e-15  8.55889019e-16  2.30229792e-05
 -2.05963392e-06 -1.27055211e-08  8.19884154e-10]
[6.84747345e+10 2.11787191e+11 2.80261926e+11]
[6.71616142e+10 2.13627618e+11 2.80789232e+11]
[5.62224048e+10 2.26868885e+11 2.83091290e+11]
[1.31788634e+11 1.81639858e+11 3.13428493e+11]
[2.36947683e+10 2.90919380e+11 3.14614149e+11]
[9.98403308e+10 2.16934618e+11 3.16774949e+11]
[1.19662029e+11 1.98969760e+11 3.18631789e+11]
[1.01426464e+11 2.17828926e+11 3.19255389e+11]
[1.60527686e+11 1.78678550e+11 3.39206236e+11]
[2.21885612e+11 1.20896101e+11 3.42781712e+11]
[1.70907504e+10 3.57404848e+11 3.74495599e+11]
[3.07525998e+10 3.72120167e+11 4.02872767e+11]
[7.17916076e+11 7.56870025e+11 1.47478610e+12]
[1.33739127e+12 1.94960225e+12 3.28699352e+12]
[2.29473897e+12 3.34832538e+12 5.64306436e+12]
[2.94218155e+12 4.13158774e+12 7.07376929e+12]
[4.40950714e+12 5.04963658e+12 9.45914372e+12]
[2.55510242e+12 6.94190889e+12 9.49701131e+12]
[4.98151428e+12 7.13043931e+12 1.21119536e+13]
[6.23328603e+12 8.86244749e+12 1.50957335e+13]


Generation:  5

This:
[-7.90108698e-10 -1.43520895e-12 -2.28980078e-13  4.69565608e-11
 -1.65384256e-10 -1.88049338e-15  8.52944060e-16  2.29423303e-05
 -2.07121945e-06 -1.59792834e-08  9.98214034e-10]
[-7.93028838e-10 -1.43848686e-12 -2.22716056e-13  6.26284948e-11
 -1.65342095e-10 -1.87982459e-15  8.52934018e-16  2.29414430e-05
 -2.07132242e-06 -1.59794830e-08  9.98214034e-10]
[-9.35790997e-10 -1.45799022e-12 -2.28980078e-13  4.62010753e-11
 -1.64435289e-10 -1.83669770e-15  8.52944060e-16  2.29423303e-05
 -2.07353714e-06 -1.59792834e-08  9.98214034e-10]
[ 0.00000000e+00 -1.17487560e-12 -2.25990469e-13  5.12448182e-11
 -1.37867662e-10 -1.91797501e-15  8.20009840e-16  2.20524091e-05
 -2.04721003e-06 -1.59792834e-08  9.98214034e-10]
[ 6.60156851e-10 -1.14974384e-12 -2.22956952e-13  4.63779905e-11
 -9.67880270e-11 -1.83482019e-15  8.78321146e-16  2.28431585e-05
 -1.98798537e-06 -1.78359433e-08  9.97816423e-10]
[-2.77021062e-10 -8.59259424e-13 -2.03619612e-13  4.24699239e-11
 -1.72792168e-10 -1.99800259e-15  8.54708516e-16  2.30982409e-05
 -2.05312692e-06 -1.59442134e-08  9.98214034e-10]
[ 8.27086665e-10 -1.11750249e-12 -2.22326957e-13  4.63964951e-11
 -8.97123916e-11 -1.83462381e-15  8.80975489e-16  2.28327856e-05
 -1.97903700e-06 -1.80301425e-08  9.97774834e-10]
[ 3.74531025e-10 -1.34517031e-12 -2.43948303e-13  4.79891439e-11
 -1.50447184e-10 -1.52433961e-15  1.24139104e-15  2.29556124e-05
 -2.02418165e-06 -1.81494742e-08  1.00994017e-09]
[-5.10459213e-10 -6.85167218e-13 -1.89170644e-13  4.04924972e-11
 -1.16070143e-10 -2.08828512e-15  8.50920776e-16  2.31493419e-05
 -2.06349743e-06 -1.51541123e-08  9.94012791e-10]
[ 3.97195762e-10 -1.14626366e-12 -2.19037506e-13  4.54438967e-11
 -1.29803228e-10 -1.80518315e-15  4.44482062e-16  2.64552399e-05
 -1.98431967e-06 -1.79494032e-08  9.97792125e-10]
[ 1.16180284e-10 -1.13322954e-12 -3.21654263e-13  6.05606966e-11
 -9.65424245e-11 -3.37415270e-16  8.52942564e-16  6.81147308e-05
 -2.61292584e-06 -3.95521407e-08  1.24341173e-09]
[-2.51431556e-10 -1.01541990e-12 -2.02017494e-13  4.16920720e-11
 -1.32690799e-10 -2.72503635e-15  8.54819984e-16  2.31080904e-05
 -2.05350071e-06 -1.82997963e-08  9.98214034e-10]
[ 1.84967724e-10 -1.16023198e-12 -2.97839500e-13  7.93518134e-11
 -1.43580226e-10 -2.40912082e-15  8.52944060e-16  2.97084058e-05
 -2.04324427e-06 -1.59792834e-08  9.98214034e-10]
[ 1.22022368e-09 -7.14003833e-13 -2.12474195e-13  4.79007233e-11
 -1.37962796e-10 -2.10312784e-15  8.82053915e-16  3.23043628e-05
 -1.97221862e-06 -1.81090432e-08  9.95211476e-10]
[-6.31991434e-10 -1.49023157e-12 -2.29610073e-13  4.61825707e-11
 -1.71510925e-10 -1.83689408e-15  8.50289717e-16  1.37729613e-05
 -2.08248551e-06 -1.57850841e-08  9.98255623e-10]
[-2.94514159e-10 -8.33800330e-13 -2.04008361e-13  4.15858457e-11
 -1.61378095e-10 -1.97442199e-15  1.25355248e-15  2.31096656e-05
 -1.78655264e-06 -1.59416436e-08  7.57109546e-10]
[-1.66395993e-10 -9.41760771e-13 -2.10466899e-13  2.28663515e-11
 -2.40090189e-10 -2.49928766e-15  8.56503505e-16  2.30740244e-05
 -1.63668078e-06 -1.63186380e-08  1.00020498e-09]
[-1.58423997e-09 -1.50445170e-12 -3.22424621e-13  4.46602928e-11
 -1.67689464e-10 -1.74737817e-15  9.06979103e-16  2.29423303e-05
 -2.68474750e-06 -1.59792834e-08  9.98214034e-10]
[-5.70192097e-11 -7.20885425e-13 -2.91014287e-13  5.50331788e-11
 -9.13806463e-11 -2.34943833e-15  8.51393274e-16  2.29483907e-05
 -2.22947108e-06 -1.67982099e-08  7.93249809e-10]
[-2.08039242e-11 -1.28596016e-12 -2.93211696e-13  5.54188016e-11
 -1.75307363e-10 -2.34338188e-15  8.52814765e-16  1.40583010e-05
 -1.09581344e-06 -1.59818532e-08  9.98214034e-10]
[6.84747345e+10 2.11787191e+11 2.80261926e+11]
[6.88559080e+10 2.11644749e+11 2.80500657e+11]
[6.71616142e+10 2.13627618e+11 2.80789232e+11]
[5.62224048e+10 2.26868885e+11 2.83091290e+11]
[1.31788634e+11 1.81639858e+11 3.13428493e+11]
[2.36947683e+10 2.90919380e+11 3.14614149e+11]
[1.43628069e+11 1.79303283e+11 3.22931352e+11]
[1.42244810e+11 2.29980189e+11 3.72225000e+11]
[2.34941137e+10 4.46026960e+11 4.69521074e+11]
[1.59266245e+11 1.01788146e+12 1.17714771e+12]
[1.53391766e+12 1.47839564e+12 3.01231330e+12]
[2.38342383e+12 2.51759889e+12 4.90102272e+12]
[1.08683439e+12 3.90082537e+12 4.98765977e+12]
[1.71079708e+12 5.39926167e+12 7.11005876e+12]
[3.81096212e+12 5.82720340e+12 9.63816553e+12]
[7.90536823e+12 1.14255005e+13 1.93308687e+13]
[1.09902557e+13 2.65065040e+13 3.74967598e+13]
[3.29436500e+13 5.82920119e+13 9.12356618e+13]
[4.41674145e+13 7.53097220e+13 1.19477136e+14]
[4.64351013e+13 9.67234220e+13 1.43158523e+14]


Generation:  6

This:
[-7.90108698e-10 -1.43520895e-12 -2.28980078e-13  4.69565608e-11
 -1.65384256e-10 -1.88049338e-15  8.52944060e-16  2.29423303e-05
 -2.07121945e-06 -1.59792834e-08  9.98214034e-10]
[-7.93028838e-10 -1.43848686e-12 -2.22716056e-13  6.26284948e-11
 -1.65342095e-10 -1.87982459e-15  8.52934018e-16  2.29414430e-05
 -2.07132242e-06 -1.59794830e-08  9.98214034e-10]
[-9.35790997e-10 -1.45799022e-12 -2.28980078e-13  4.62010753e-11
 -1.64435289e-10 -1.83669770e-15  8.52944060e-16  2.29423303e-05
 -2.07353714e-06 -1.59792834e-08  9.98214034e-10]
[-8.95093535e-10 -1.45870837e-12 -2.22740568e-13  8.35135981e-11
 -1.70106646e-10 -1.88267217e-15  8.51167450e-16  2.29482882e-05
 -2.07713626e-06 -1.58502947e-08  9.98241703e-10]
[ 0.00000000e+00 -1.17487560e-12 -2.25990469e-13  5.12448182e-11
 -1.37867662e-10 -1.91797501e-15  8.20009840e-16  2.20524091e-05
 -2.04721003e-06 -1.59792834e-08  9.98214034e-10]
[-2.34542574e-10 -8.11576604e-13 -2.01520021e-13  4.20984756e-11
 -1.73405468e-10 -2.24093166e-15  1.17925968e-15  2.31111487e-05
 -2.05162904e-06 -1.59413100e-08  9.98214034e-10]
[ 6.60156851e-10 -1.14974384e-12 -2.22956952e-13  4.63779905e-11
 -9.67880270e-11 -1.83482019e-15  8.78321146e-16  2.28431585e-05
 -1.98798537e-06 -1.78359433e-08  9.97816423e-10]
[ 4.91537639e-10 -1.24809302e-12 -2.45284907e-13  2.83969353e-11
 -1.49198101e-10 -1.49644726e-15  1.27607783e-15  2.29567984e-05
 -2.01977440e-06 -1.83432638e-08  1.01098727e-09]
[ 9.29151362e-10 -1.32573934e-12 -2.22302444e-13  4.53739049e-11
 -8.49478407e-11 -2.09452680e-15  8.82742057e-16  2.28259403e-05
 -1.97322316e-06 -1.81593308e-08  9.97747165e-10]
[ 1.14293887e-09 -9.58606257e-13 -2.07236769e-13  4.52849375e-11
 -4.73237511e-11 -2.05118050e-15  6.29430621e-16  2.27470610e-05
 -1.40842486e-06 -1.79468574e-08  7.48247515e-10]
[-2.63767479e-10 -8.74359521e-13 -2.04689906e-13  3.73995977e-11
 -1.71121267e-10 -1.04508694e-15  8.53048419e-16  2.30482049e-05
 -2.05284384e-06 -1.59458913e-08  9.98214034e-10]
[-8.04237790e-10 -1.47310428e-12 -2.30991421e-13  4.72831530e-11
 -1.67875817e-10 -2.72094385e-15  8.53046285e-16  2.29318712e-05
 -2.52461550e-06 -1.60209746e-08  1.23492987e-09]
[-1.05279761e-09 -1.46806460e-12 -2.27643474e-13  5.85572517e-11
 -1.65684372e-10 -2.36659085e-15  9.36933733e-16  2.29411443e-05
 -1.14373370e-06 -1.57854939e-08  5.60318512e-10]
[-8.41683281e-10 -1.13846819e-12 -2.28679428e-13  4.67082987e-11
 -1.67411877e-10 -1.84487134e-15  8.49632034e-16  3.01143028e-05
 -2.07088955e-06 -1.59792834e-08  8.78368061e-10]
[ 5.97539122e-10 -1.16259830e-12 -2.23271313e-13  4.64759918e-11
 -1.24204407e-10 -1.00152706e-15  1.21543411e-15  2.28483345e-05
 -1.99212154e-06 -2.55184958e-08  1.01536277e-09]
[-5.60561155e-10 -1.39011314e-12 -2.28035722e-13  4.68770641e-11
 -1.54643259e-10 -1.87398257e-15  8.56922890e-16  2.29267813e-05
 -2.05813491e-06 -1.78137961e-08  1.17340169e-09]
[ 1.63784564e-12 -1.17476199e-12 -3.04336143e-13  7.46521009e-11
 -1.37772302e-10 -1.91780996e-15  1.22346079e-15  2.20539544e-05
 -1.63492625e-06 -1.59833446e-08  9.98213164e-10]
[-1.32535823e-11 -1.15977551e-12 -1.82693485e-13  5.08249989e-11
 -1.39538563e-10 -1.92180379e-15  8.21669937e-16  2.21024451e-05
 -1.78706414e-06 -1.66661384e-08  6.85950034e-10]
[-4.96330121e-10 -6.47271891e-13 -1.87159301e-13  6.00800988e-11
 -1.13578583e-10 -2.09878365e-15  8.50818551e-16  2.31598010e-05
 -2.06310728e-06 -1.51124212e-08  7.37504837e-10]
[-9.50305128e-10 -1.48289177e-12 -2.26636370e-13  4.73280091e-11
 -1.64770955e-10 -1.87076480e-15  8.52797981e-16  2.29294225e-05
 -2.44462688e-06 -2.01689284e-08  9.98214034e-10]
[6.84747345e+10 2.11787191e+11 2.80261926e+11]
[6.88559080e+10 2.11644749e+11 2.80500657e+11]
[6.71616142e+10 2.13627618e+11 2.80789232e+11]
[6.75872343e+10 2.14399291e+11 2.81986526e+11]
[5.62224048e+10 2.26868885e+11 2.83091290e+11]
[6.78458391e+10 2.35739412e+11 3.03585252e+11]
[1.31788634e+11 1.81639858e+11 3.13428493e+11]
[1.53424941e+11 2.35228283e+11 3.88653224e+11]
[2.68666317e+11 2.01834025e+11 4.70500342e+11]
[7.32650613e+11 2.59248934e+11 9.91899547e+11]
[2.33667465e+11 9.50687906e+11 1.18435537e+12]
[1.11052036e+11 1.19834718e+12 1.30939922e+12]
[2.51415402e+12 2.00861470e+12 4.52276872e+12]
[2.29677443e+12 2.39003955e+12 4.68681398e+12]
[8.55253392e+12 1.44516453e+13 2.30041792e+13]
[8.02173941e+12 1.85194511e+13 2.65411905e+13]
[1.26188858e+13 2.86782917e+13 4.12971775e+13]
[2.30018784e+13 3.76948801e+13 6.06967585e+13]
[2.94282287e+13 4.88741624e+13 7.83023911e+13]
[2.94755513e+13 5.19458560e+13 8.14214073e+13]


Generation:  7

This:
[-7.90108698e-10 -1.43520895e-12 -2.28980078e-13  4.69565608e-11
 -1.65384256e-10 -1.88049338e-15  8.52944060e-16  2.29423303e-05
 -2.07121945e-06 -1.59792834e-08  9.98214034e-10]
[-7.93028838e-10 -1.43848686e-12 -2.22716056e-13  6.26284948e-11
 -1.65342095e-10 -1.87982459e-15  8.52934018e-16  2.29414430e-05
 -2.07132242e-06 -1.59794830e-08  9.98214034e-10]
[-9.35790997e-10 -1.45799022e-12 -2.28980078e-13  4.62010753e-11
 -1.64435289e-10 -1.83669770e-15  8.52944060e-16  2.29423303e-05
 -2.07353714e-06 -1.59792834e-08  9.98214034e-10]
[-8.95093535e-10 -1.45870837e-12 -2.22740568e-13  8.35135981e-11
 -1.70106646e-10 -1.88267217e-15  8.51167450e-16  2.29482882e-05
 -2.07713626e-06 -1.58502947e-08  9.98241703e-10]
[ 0.00000000e+00 -1.17487560e-12 -2.25990469e-13  5.12448182e-11
 -1.37867662e-10 -1.91797501e-15  8.20009840e-16  2.20524091e-05
 -2.04721003e-06 -1.59792834e-08  9.98214034e-10]
[-6.70136804e-10 -1.41892419e-12 -2.32014730e-13  3.82084805e-11
 -1.61599346e-10 -1.77337034e-15  9.31697655e-16  2.29450231e-05
 -2.06353082e-06 -1.64192671e-08  1.00059139e-09]
[ 6.69632779e-10 -1.14421689e-12 -2.21702184e-13  3.70158195e-11
 -9.38427274e-11 -1.85383580e-15  8.55968333e-16  2.28367723e-05
 -1.98619892e-06 -1.78074333e-08  9.97076258e-10]
[ 2.55555176e-10 -1.06086299e-12 -2.46539675e-13  2.73864502e-11
 -1.52143401e-10 -1.00827740e-15  1.51718276e-15  2.29631847e-05
 -2.02156085e-06 -1.83717738e-08  1.01172744e-09]
[ 5.45166474e-10 -1.92086372e-12 -2.23184947e-13  4.53791164e-11
 -8.71517483e-11 -2.09706590e-15  8.97580290e-16  2.28305608e-05
 -2.00630737e-06 -1.81717769e-08  1.01236211e-09]
[ 1.15546191e-09 -1.28120705e-12 -1.27432343e-13  4.52797260e-11
 -4.51198436e-11 -1.39339460e-15  6.14592388e-16  2.27424405e-05
 -1.37534065e-06 -1.79344113e-08  7.33632565e-10]
[ 2.69224247e-10 -1.28715906e-12 -2.92588578e-13  3.17106391e-11
 -1.97466177e-10 -7.97781971e-16  1.67565851e-15  2.45240088e-05
 -2.02978071e-06 -1.79032801e-08  1.00860992e-09]
[-6.63568863e-11 -1.07597385e-12 -1.97511028e-13  4.29029392e-11
 -1.59002914e-10 -2.16459078e-15  1.12268923e-15  1.31563836e-05
 -2.03966530e-06 -1.45533835e-08  1.00045280e-09]
[-1.04844955e-12 -1.17521435e-12 -2.25994359e-13  5.12392383e-11
 -1.37903467e-10 -1.68946433e-15  8.20052695e-16  2.20535671e-05
 -2.04724127e-06 -1.89411508e-08  9.98214034e-10]
[ 4.91971163e-10 -1.08617513e-12 -2.18927236e-13  4.55735268e-11
 -1.11190581e-10 -2.83354253e-15  1.12199325e-15  3.41168703e-05
 -1.99994912e-06 -1.74797899e-08  9.97891166e-10]
[ 6.98829858e-10 -1.18321349e-12 -2.22779244e-13  4.60928842e-11
 -9.43815185e-11 -1.82994885e-15  8.81737113e-16  3.28047724e-05
 -1.98451590e-06 -1.79447093e-08  9.97793130e-10]
[-3.86730075e-11 -9.41708602e-13 -2.26168177e-13  5.15299245e-11
 -1.40274170e-10 -2.38101244e-15  5.24217469e-16  2.20060858e-05
 -1.75561651e-06 -1.58705174e-08  9.98237327e-10]
[-7.89080605e-10 -1.43487021e-12 -2.28976188e-13  4.69621407e-11
 -1.19466605e-10 -1.88054215e-15  8.52901206e-16  2.29411723e-05
 -1.78257922e-06 -1.53577620e-08  9.98214034e-10]
[-2.91662389e-10 -1.31420998e-12 -2.18707314e-13  5.81369541e-11
 -1.34778343e-10 -2.84656595e-15  7.95052317e-16  2.28911030e-05
 -1.55167160e-06 -1.64889830e-08  9.58970984e-10]
[-7.50214477e-10 -1.45877410e-12 -2.22169476e-13  8.69287506e-11
 -1.70625736e-10 -1.88688014e-15  8.51004840e-16  2.29488335e-05
 -1.57122316e-06 -1.58384886e-08  9.98244235e-10]
[-2.67991790e-09 -1.56201752e-12 -2.23169225e-13  8.15333090e-11
 -2.53425235e-10 -8.49642669e-16  4.68757135e-16  2.30679923e-05
 -1.97460147e-06 -7.24568815e-09  9.98725554e-10]
[6.84747345e+10 2.11787191e+11 2.80261926e+11]
[6.88559080e+10 2.11644749e+11 2.80500657e+11]
[6.71616142e+10 2.13627618e+11 2.80789232e+11]
[6.75872343e+10 2.14399291e+11 2.81986526e+11]
[5.62224048e+10 2.26868885e+11 2.83091290e+11]
[7.49468871e+10 2.10648508e+11 2.85595395e+11]
[1.31251718e+11 1.80223561e+11 3.11475280e+11]
[9.42682459e+10 3.07776217e+11 4.02044463e+11]
[2.53431414e+11 2.15591202e+11 4.69022615e+11]
[3.77649836e+11 1.25041573e+11 5.02691410e+11]
[2.47582017e+11 8.48560026e+11 1.09614204e+12]
[1.66156546e+12 2.08610848e+12 3.74767394e+12]
[1.92816983e+12 2.60647298e+12 4.53464281e+12]
[1.93174970e+12 6.45551552e+12 8.38726522e+12]
[2.42256419e+12 6.83987100e+12 9.26243519e+12]
[5.08906939e+12 1.33067193e+13 1.83957887e+13]
[7.05673865e+12 1.70364817e+13 2.40932203e+13]
[8.65609674e+12 2.19790219e+13 3.06351187e+13]
[1.90927264e+13 4.22374075e+13 6.13301340e+13]
[2.56328649e+13 5.24247200e+13 7.80575849e+13]


Generation:  8

This:
[-6.99051834e-10 -1.43090115e-12 -2.71401411e-13  6.17917521e-11
 -1.59543696e-10 -1.85636375e-15  1.15793394e-15  2.29318449e-05
 -2.03775476e-06 -1.60737705e-08  9.85453094e-10]
[-7.90108698e-10 -1.43520895e-12 -2.28980078e-13  4.69565608e-11
 -1.65384256e-10 -1.88049338e-15  8.52944060e-16  2.29423303e-05
 -2.07121945e-06 -1.59792834e-08  9.98214034e-10]
[-7.93028838e-10 -1.43848686e-12 -2.22716056e-13  6.26284948e-11
 -1.65342095e-10 -1.87982459e-15  8.52934018e-16  2.29414430e-05
 -2.07132242e-06 -1.59794830e-08  9.98214034e-10]
[-6.21364822e-10 -7.36013383e-13 -2.23086855e-13  6.16547087e-11
 -1.65192847e-10 -1.87557957e-15  4.45984273e-16  2.29415857e-05
 -2.07101172e-06 -1.59970201e-08  9.98308835e-10]
[-9.35790997e-10 -1.45799022e-12 -2.28980078e-13  4.62010753e-11
 -1.64435289e-10 -1.83669770e-15  8.52944060e-16  2.29423303e-05
 -2.07353714e-06 -1.59792834e-08  9.98214034e-10]
[-8.95093535e-10 -1.45870837e-12 -2.22740568e-13  8.35135981e-11
 -1.70106646e-10 -1.88267217e-15  8.51167450e-16  2.29482882e-05
 -2.07713626e-06 -1.58502947e-08  9.98241703e-10]
[-9.09622262e-10 -8.37312835e-13 -1.85420190e-13  8.85726832e-11
 -1.70760172e-10 -1.88297369e-15  8.50921587e-16  2.29491127e-05
 -2.07795508e-06 -1.58324441e-08  9.98245532e-10]
[ 0.00000000e+00 -1.17487560e-12 -2.25990469e-13  5.12448182e-11
 -1.37867662e-10 -1.91797501e-15  8.20009840e-16  2.20524091e-05
 -2.04721003e-06 -1.59792834e-08  9.98214034e-10]
[-6.43929276e-10 -1.40938000e-12 -2.31779135e-13  3.87183020e-11
 -2.31206932e-10 -1.77902550e-15  9.27329798e-16  2.29101150e-05
 -2.06289255e-06 -1.64020603e-08  1.00049841e-09]
[-8.47134903e-10 -1.61193297e-12 -2.29992825e-13  4.35337271e-11
 -1.63488857e-10 -1.81556362e-15  8.79226296e-16  2.29432290e-05
 -2.07019776e-06 -1.61261180e-08  1.01393128e-09]
[-2.58053497e-11 -1.18441979e-12 -2.26226064e-13  5.07349967e-11
 -1.38795754e-10 -1.91231985e-15  1.09154851e-15  2.37350214e-05
 -2.04151997e-06 -2.29262915e-08  1.12903687e-09]
[-1.04950126e-10 -1.20815512e-12 -2.25609416e-13  5.50283474e-11
 -1.41647698e-10 -1.63198043e-15  8.23663084e-16  2.00528556e-05
 -2.05071889e-06 -1.70146953e-08  9.98217278e-10]
[ 1.10942720e-09 -7.99837791e-13 -1.30390857e-13  4.51014159e-11
 -4.80570171e-11 -1.40297616e-15  6.22588586e-16  2.84002289e-05
 -1.39269421e-06 -1.78962051e-08  7.40364259e-10]
[-9.08331057e-10 -1.46167140e-12 -2.21953829e-13  1.28402723e-10
 -1.70702092e-10 -1.88294690e-15  8.50943437e-16  1.69309475e-05
 -2.07788231e-06 -1.58340305e-08  9.98245192e-10]
[-8.29188891e-10 -1.43715529e-12 -2.28496817e-13  4.55911631e-11
 -1.59747857e-10 -1.83783569e-15  8.53144875e-16  2.29353211e-05
 -2.08344024e-06 -1.61006748e-08  9.37860366e-10]
[ 1.06148491e-09 -7.87689487e-13 -1.32027940e-13  4.61164687e-11
 -5.09182426e-11 -1.41685544e-15  6.26087763e-16  2.27520385e-05
 -1.21289900e-06 -1.78401238e-08  7.46393505e-10]
[-1.16083638e-09 -1.42542884e-12 -2.23121621e-13  7.97300689e-11
 -1.66326610e-10 -1.88681145e-15  8.47514206e-16  2.28432460e-05
 -2.07362739e-06 -1.58654187e-08  8.99577817e-10]
[-6.75037315e-10 -1.41970428e-12 -2.31643931e-13  3.91822666e-11
 -1.61748594e-10 -2.48176313e-15  9.28556832e-16  1.45521157e-05
 -2.06384153e-06 -1.76327599e-08  1.00049659e-09]
[ 5.63030673e-10 -1.56090498e-12 -2.22185445e-13  3.76257317e-11
 -9.85301600e-11 -1.85269781e-15  8.55767518e-16  2.54335279e-05
 -2.55281704e-06 -1.76860419e-08  9.97151808e-10]
[-7.76871176e-10 -1.43224592e-12 -2.29766817e-13  3.90332998e-11
 -1.64788810e-10 -1.88021865e-15  8.53168072e-16  3.41973764e-05
 -2.07047340e-06 -1.59955476e-08  1.15521243e-09]
[6.82779014e+10 1.95384606e+11 2.63662507e+11]
[6.84747345e+10 2.11787191e+11 2.80261926e+11]
[6.88559080e+10 2.11644749e+11 2.80500657e+11]
[6.90192825e+10 2.11507816e+11 2.80527099e+11]
[6.71616142e+10 2.13627618e+11 2.80789232e+11]
[6.75872343e+10 2.14399291e+11 2.81986526e+11]
[6.74959754e+10 2.14765376e+11 2.82261352e+11]
[5.62224048e+10 2.26868885e+11 2.83091290e+11]
[7.40747065e+10 2.10922701e+11 2.84997407e+11]
[2.04106509e+10 4.71277981e+11 4.91688632e+11]
[3.17383756e+11 3.34772801e+11 6.52156558e+11]
[8.55969991e+11 1.09919415e+12 1.95516414e+12]
[9.11540530e+11 2.84763588e+12 3.75917641e+12]
[1.85775483e+12 2.55242906e+12 4.41018390e+12]
[2.77331392e+12 3.74830769e+12 6.52162160e+12]
[3.02325498e+12 7.05443486e+12 1.00776898e+13]
[5.44346867e+12 7.96695911e+12 1.34104278e+13]
[7.57224356e+12 1.11770681e+13 1.87493116e+13]
[2.40082959e+13 4.13490211e+13 6.53573170e+13]
[2.69262656e+13 5.85877780e+13 8.55140436e+13]


Generation:  9

This:
[-6.99051834e-10 -1.43090115e-12 -2.71401411e-13  6.17917521e-11
 -1.59543696e-10 -1.85636375e-15  1.15793394e-15  2.29318449e-05
 -2.03775476e-06 -1.60737705e-08  9.85453094e-10]
[-7.90108698e-10 -1.43520895e-12 -2.28980078e-13  4.69565608e-11
 -1.65384256e-10 -1.88049338e-15  8.52944060e-16  2.29423303e-05
 -2.07121945e-06 -1.59792834e-08  9.98214034e-10]
[-7.93028838e-10 -1.43848686e-12 -2.22716056e-13  6.26284948e-11
 -1.65342095e-10 -1.87982459e-15  8.52934018e-16  2.29414430e-05
 -2.07132242e-06 -1.59794830e-08  9.98214034e-10]
[-6.21364822e-10 -7.36013383e-13 -2.23086855e-13  6.16547087e-11
 -1.65192847e-10 -1.87557957e-15  4.45984273e-16  2.29415857e-05
 -2.07101172e-06 -1.59970201e-08  9.98308835e-10]
[-9.35790997e-10 -1.45799022e-12 -2.28980078e-13  4.62010753e-11
 -1.64435289e-10 -1.83669770e-15  8.52944060e-16  2.29423303e-05
 -2.07353714e-06 -1.59792834e-08  9.98214034e-10]
[-7.05750596e-10 -1.41193590e-12 -1.97420373e-13  4.14585529e-11
 -2.22696057e-10 -1.78821035e-15  9.54716825e-16  2.29126957e-05
 -2.05990714e-06 -1.63630719e-08  9.98711601e-10]
[-7.76096522e-10 -1.53983763e-12 -2.33463172e-13  3.42746167e-11
 -3.17064814e-10 -1.76031917e-15  1.02058538e-15  2.29040179e-05
 -2.06131955e-06 -1.64805326e-08  1.00092262e-09]
[-4.07826848e-10 -4.74838647e-13 -2.23211999e-13  7.13343201e-11
 -1.63417050e-10 -2.03976785e-15  2.99555127e-16  2.29391635e-05
 -2.06879837e-06 -1.60500451e-08  9.98333095e-10]
[-6.96897370e-10 -1.46217797e-12 -2.31313511e-13  3.99735029e-11
 -2.13555367e-10 -1.72994532e-15  9.14791017e-16  2.29187466e-05
 -2.05405283e-06 -1.63301325e-08  1.00399986e-09]
[-6.16993199e-10 -6.05555750e-13 -2.21402818e-13  6.60983940e-11
 -1.92177527e-10 -2.67218751e-15  4.54949961e-16  2.29476828e-05
 -2.07258472e-06 -1.59185478e-08  9.97884627e-10]
[-9.23434777e-10 -8.07572922e-13 -1.83010139e-13  9.11644505e-11
 -1.67617741e-10 -9.50397848e-16  8.46949372e-16  2.29511401e-05
 -2.07873813e-06 -1.58028316e-08  9.98128412e-10]
[-7.65187695e-10 -1.43402997e-12 -2.83193041e-13  4.51443937e-11
 -1.63785776e-10 -1.17235779e-15  4.83981664e-16  2.43349891e-05
 -2.06206063e-06 -1.60051432e-08  9.94721541e-10]
[-6.45378974e-10 -1.43911991e-12 -1.18416801e-13  1.94264178e-11
 -2.34349363e-10 -1.77362157e-15  9.31302013e-16  2.89737233e-05
 -2.06210950e-06 -1.64316728e-08  1.00061553e-09]
[-6.92505365e-10 -7.34631219e-13 -2.66695787e-13  5.90515012e-11
 -1.68054571e-10 -1.84717890e-15  1.13766250e-15  2.45566194e-05
 -2.24589278e-06 -1.61127589e-08  9.87239907e-10]
[-7.99036444e-10 -1.43897179e-12 -1.24866650e-13  4.54627042e-11
 -1.65712766e-10 -1.88132436e-15  5.58214804e-16  2.18211360e-05
 -2.07346828e-06 -1.12787474e-08  9.99029794e-10]
[-8.50326299e-10 -1.44967233e-12 -2.19233205e-13  7.18169412e-11
 -9.80543193e-11 -1.83056251e-15  6.44632206e-16  2.29534820e-05
 -2.07456193e-06 -9.21054118e-09  9.97336170e-10]
[-5.86631814e-10 -2.07672706e-12 -2.23389407e-13  2.95298556e-11
 -2.56518126e-10 -1.74028942e-15  9.55919348e-16  2.28980760e-05
 -2.05965304e-06 -1.65644525e-08  1.14218190e-09]
[-7.23972837e-10 -1.43208014e-12 -2.59791280e-13  5.77315656e-11
 -1.61142176e-10 -1.86296770e-15  1.07446243e-15  2.29347146e-05
 -1.54004209e-06 -1.53524194e-08  9.88945587e-10]
[-1.12112219e-09 -1.59596837e-12 -2.33644512e-13  4.51438422e-11
 -1.32814493e-10 -1.81916165e-15  9.03804605e-16  2.29422250e-05
 -1.54865230e-06 -1.61215017e-08  1.01141989e-09]
[-8.60931880e-10 -9.42148756e-13 -1.93915840e-13  7.03548138e-11
 -1.81837528e-10 -1.86392435e-15  1.29576106e-15  2.14337047e-05
 -2.07519475e-06 -2.21953114e-08  1.38293640e-09]
[6.82779014e+10 1.95384606e+11 2.63662507e+11]
[6.84747345e+10 2.11787191e+11 2.80261926e+11]
[6.88559080e+10 2.11644749e+11 2.80500657e+11]
[6.90192825e+10 2.11507816e+11 2.80527099e+11]
[6.71616142e+10 2.13627618e+11 2.80789232e+11]
[7.32105501e+10 2.08661403e+11 2.81871953e+11]
[7.54884462e+10 2.11271304e+11 2.86759750e+11]
[1.23453702e+11 1.99564972e+11 3.23018673e+11]
[1.60520330e+10 3.21635784e+11 3.37687817e+11]
[4.92468972e+11 3.32591071e+11 8.25060043e+11]
[1.52156396e+11 6.76376439e+11 8.28532835e+11]
[2.08926377e+11 9.29165397e+11 1.13809177e+12]
[8.26737584e+11 2.82100654e+12 3.64774413e+12]
[3.27196116e+12 4.57393651e+12 7.84589767e+12]
[2.64061603e+12 7.20762056e+12 9.84823659e+12]
[7.43791581e+12 1.75328390e+13 2.49707548e+13]
[7.60149598e+12 1.75891431e+13 2.51906390e+13]
[2.18349724e+13 4.79540671e+13 6.97890395e+13]
[2.27388638e+13 4.94489593e+13 7.21878231e+13]
[2.51659955e+13 5.15204831e+13 7.66864785e+13]

^[[A
Generation:  10

This:
[-6.99051834e-10, -1.43090115e-12, -2.71401411e-13, 6.17917521e-11
, -1.59543696e-10, -1.85636375e-15, 1.15793394e-15, 2.29318449e-05
, -2.03775476e-06, -1.60737705e-08, 9.85453094e-10]
[-7.66774131e-10, -9.13861085e-13, -2.23001637e-13, 5.50633489e-11
, -1.66402082e-10, -1.76377507e-15, 5.45695629e-16, 2.29432351e-05
, -2.07251890e-06, -1.59609125e-08, 9.98292314e-10]
[-7.90108698e-10, -1.43520895e-12, -2.28980078e-13, 4.69565608e-11
, -1.65384256e-10, -1.88049338e-15, 8.52944060e-16, 2.29423303e-05
, -2.07121945e-06, -1.59792834e-08, 9.98214034e-10]
[-7.89803637e-10, -1.61296729e-12, -2.29077680e-13, 4.66804608e-11
, -8.95910452e-11, -1.87787705e-15, 1.06953596e-15, 2.29414962e-05
, -2.07100392e-06, -1.59901962e-08, 9.98273003e-10]
[-7.93028838e-10, -1.43848686e-12, -2.22716056e-13, 6.26284948e-11
, -1.65342095e-10, -1.87982459e-15, 8.52934018e-16, 2.29414430e-05
, -2.07132242e-06, -1.59794830e-08, 9.98214034e-10]
[-6.21364822e-10, -7.36013383e-13, -2.23086855e-13, 6.16547087e-11
, -1.65192847e-10, -1.87557957e-15, 4.45984273e-16, 2.29415857e-05
, -2.07101172e-06, -1.59970201e-08, 9.98308835e-10]
[-9.35790997e-10, -1.45799022e-12, -2.28980078e-13, 4.62010753e-11
, -1.64435289e-10, -1.83669770e-15, 8.52944060e-16, 2.29423303e-05
, -2.07353714e-06, -1.59792834e-08, 9.98214034e-10]
[-2.62417540e-10, -2.96990945e-13, -2.23297217e-13, 7.79256799e-11
, -1.62207815e-10, -1.63568213e-15, 1.99843770e-16, 2.29375141e-05
, -2.06729119e-06, -1.60861527e-08, 9.98349616e-10]
[-9.06912592e-10, -1.38077216e-12, -2.28293689e-13, 4.80034805e-11
, -1.66948329e-10, -1.91238082e-15, 8.16891632e-16, 2.29428152e-05
, -2.07345086e-06, -1.59737816e-08, 9.98184195e-10]
[-7.08498988e-10, -1.81218542e-12, -1.86898605e-13, 2.27383598e-11
, -1.86080343e-10, -1.80629812e-15, 9.67111373e-16, 2.29108173e-05
, -2.06172455e-06, -1.63732976e-08, 9.97069916e-10]
[-7.96726944e-10, -1.43757548e-12, -2.22385318e-13, 6.35000153e-11
, -1.63487367e-10, -2.22478562e-15, 8.50554426e-16, 2.29423161e-05
, -2.07198677e-06, -1.59659938e-08, 9.97991458e-10]
[-7.76401582e-10, -1.53755975e-12, -3.33903734e-13, 3.45507167e-11
, -3.13762560e-10, -1.76293550e-15, 1.01693565e-15, 2.29048520e-05
, -1.88642731e-06, -2.04639596e-08, 1.00086365e-09]
[-7.41256675e-10, -1.88948339e-12, -2.22477998e-13, 3.45237027e-11
, -2.05291458e-10, -2.40341547e-15, 1.11420071e-15, 2.78715091e-05
, -2.07152190e-06, -1.59682240e-08, 9.98153171e-10]
[-5.11154433e-10, -2.85016855e-13, -1.52622104e-13, 8.26291056e-11
, -1.94989943e-10, -1.87285420e-15, 1.84717580e-16, 1.16076272e-05
, -2.07081225e-06, -8.57553384e-09, 9.98369698e-10]
[-3.86652761e-10, -4.73878616e-13, -3.34789971e-13, 7.13727745e-11
, -1.63205823e-10, -2.03512314e-15, 2.98413854e-16, 2.29391010e-05
, -1.92567292e-06, -1.60510109e-08, 9.98336389e-10]
[-7.81952575e-10, -6.25691969e-13, -2.21998053e-13, 6.45353520e-11
, -1.89998224e-10, -2.60655526e-15, 6.41497558e-16, 1.51674188e-05
, -2.07265954e-06, -1.59233189e-08, 9.97910504e-10]
[-6.66979888e-10, -1.47777509e-12, -2.41835280e-13, 3.95124848e-11
, -2.10717736e-10, -1.71185756e-15, 9.02396469e-16, 2.29206250e-05
, -2.05223542e-06, -2.10003742e-08, 1.00564154e-09]
[-6.45871603e-10, -3.60190928e-13, -2.72005999e-13, 6.42959887e-11
, -1.89664487e-10, -2.59650439e-15, 6.81733408e-16, 1.25277676e-05
, -2.32248725e-06, -1.59240496e-08, 1.12546879e-09]
[-7.36179882e-10, -6.43443048e-14, -2.14416487e-13, 8.45332933e-11
, -3.82898534e-11, -2.62477044e-15, -3.41477940e-17, 1.20457529e-05
, -2.07911042e-06, -1.62639712e-08, 9.96124775e-10]
[-9.29210445e-10, -1.91549362e-12, -2.29349902e-13, 4.45896427e-11
, -1.64500574e-10, -1.82367774e-15, 8.88424913e-16, 2.58182145e-05
, -2.07384097e-06, -1.59747465e-08, 8.47633631e-10]
[6.82779014e+10 1.95384606e+11 2.63662507e+11]
[4.40206332e+10 2.32108832e+11 2.76129465e+11]
[6.84747345e+10 2.11787191e+11 2.80261926e+11]
[6.85657880e+10 2.11707861e+11 2.80273649e+11]
[6.88559080e+10 2.11644749e+11 2.80500657e+11]
[6.90192825e+10 2.11507816e+11 2.80527099e+11]
[6.71616142e+10 2.13627618e+11 2.80789232e+11]
[2.85734925e+10 2.60125293e+11 2.88698786e+11]
[8.67034977e+10 2.05810073e+11 2.92513571e+11]
[1.09480889e+11 2.06071221e+11 3.15552110e+11]
[2.06061901e+11 2.11972513e+11 4.18034414e+11]
[3.68929456e+11 1.86437519e+11 5.55366974e+11]
[2.48895958e+11 1.37988282e+12 1.62877877e+12]
[8.61041526e+11 3.05904140e+12 3.92008293e+12]
[9.73684943e+11 3.40489568e+12 4.37858062e+12]
[4.35535985e+12 5.82464085e+12 1.01800007e+13]
[4.11561590e+12 6.09643431e+12 1.02120502e+13]
[4.46331760e+12 6.67493556e+12 1.11382532e+13]
[8.55801388e+12 1.27631834e+13 2.13211973e+13]
[8.50992983e+12 1.28421833e+13 2.13521131e+13]

