Generation:  0

This:
[ 0.0, -1.45799022e-12, 0.0, 4.62010753e-11, -1.75214813e-10, -2.1672113550764534e-15, 8.5294406e-16, 2.29423303e-05, -2.04721003e-06, -1.59792834e-08, 9.98214034e-10, ],

[ 0.0, -1.45799022e-12, -2.28980078e-13, 5.5633207162540385e-11, -1.0348966156624659e-10, -1.8366977e-15, 6.772683336858704e-16, 2.29423303e-05, -2.04721003e-06, -1.59792834e-08, 9.98214034e-10, ],

[ 0.0, 0.0, -2.28980078e-13, 6.167496862027033e-11, -2.182613280828812e-10, -1.7412877909757108e-15, 8.5294406e-16, 2.29423303e-05, -2.04721003e-06, -1.59792834e-08, 9.98214034e-10, ],

[ 0.0, -8.998294401119519e-13, -2.28980078e-13, 0.0, -1.515145419353505e-10, -1.3867226085937431e-15, 8.5294406e-16, 2.29423303e-05, -2.04721003e-06, -1.59792834e-08, 9.98214034e-10, ],

[ 0.0, -1.45799022e-12, -3.338446671718122e-13, 4.1856517701109883e-11, -2.1641940586088416e-10, -1.8366977e-15, 6.829647001581379e-16, 2.29423303e-05, -2.04721003e-06, -1.9420038046021553e-08, 9.98214034e-10, ],

[ -3.53806489562575e-09, -1.45799022e-12, -2.28980078e-13, 4.62010753e-11, -1.75214813e-10, -1.8366977e-15, 8.5294406e-16, 2.29423303e-05, -2.04721003e-06, -2.038410060770946e-08, 9.98214034e-10, ],

[ 0.0, -1.45799022e-12, 0.0, 4.62010753e-11, -1.75214813e-10, -1.2430485340654901e-15, 8.5294406e-16, 2.29423303e-05, -2.206195639821495e-06, -1.7762809977697583e-08, 9.98214034e-10, ],

[ 0.0, -1.2452828425468722e-12, -2.28980078e-13, 4.62010753e-11, -1.75214813e-10, -1.8366977e-15, 8.5294406e-16, 2.29423303e-05, -1.8866586188625467e-06, -1.59792834e-08, 9.98214034e-10, ],

[ 0.0, -1.45799022e-12, -2.28980078e-13, 6.502437020964739e-11, -1.75214813e-10, -1.839771942392519e-15, 8.5294406e-16, 2.29423303e-05, -2.3861311944352917e-06, -1.59792834e-08, 9.98214034e-10, ],

[ 3.3892325988316267e-09, -1.45799022e-12, -2.28980078e-13, 1.7634909754527503e-09, -1.75214813e-10, -1.8366977e-15, 1.2730305038608289e-15, 2.29423303e-05, -2.04721003e-06, -1.1904711978700917e-08, 7.384088065911304e-10, ],

[ 1.3796474383707529e-09, -1.45799022e-12, -1.875050992728043e-13, 4.62010753e-11, -2.0783057549251688e-10, -1.8366977e-15, 6.124345693189271e-16, 2.29423303e-05, -2.04721003e-06, -1.59792834e-08, 1.1451381781436315e-09, ],

[ 0.0, -1.6804421571082674e-12, -1.8977941685950112e-13, 5.3814039358171943e-11, -1.1979371332401249e-10, -1.8366977e-15, 8.5294406e-16, 2.29423303e-05, -1.641864293806139e-06, -1.59792834e-08, 9.98214034e-10, ],

[ -1.2500419274325349e-09, -8.873765794271174e-13, -2.28980078e-13, 0.0, -2.372324934330945e-10, -9.699441289305886e-16, 8.5294406e-16, 2.4016342885170877e-05, -1.6041778191252962e-06, -1.59792834e-08, 9.98214034e-10, ],

[ -8.594373303974585e-09, -1.45799022e-12, -2.4182923448913644e-13, 3.997797366357737e-11, 0.0, -1.8166762721700594e-15, 5.154065724063461e-16, 2.378481066346141e-05, -2.1507686785948965e-06, -1.59792834e-08, 7.392879815227288e-10, ],

[ 4.100301278506493e-09, -1.3913849207689515e-12, -1.3830556187622595e-13, 4.62010753e-11, -1.75214813e-10, -1.8366977e-15, 8.5294406e-16, 2.29423303e-05, -2.04721003e-06, -9.128367207903867e-09, 5.355293272301731e-10, ],

[ 9.49879795318741e-09, -1.45799022e-12, -2.28980078e-13, 4.62010753e-11, 0.0, -1.8366977e-15, 1.1319846323368743e-15, 2.29423303e-05, -2.04721003e-06, -1.59792834e-08, 6.62987394189926e-10, ],

[ 0.0, -1.45799022e-12, -2.28980078e-13, 4.865534797911398e-11, -1.75214813e-10, -1.8366977e-15, 8.5294406e-16, 2.29423303e-05, -2.8221421670549583e-06, -1.59792834e-08, 9.98214034e-10, ],

[ -4.53591273458726e-09, -1.45799022e-12, -2.28980078e-13, 4.62010753e-11, -1.75214813e-10, -1.8366977e-15, 8.5294406e-16, 1.3308554369039845e-05, -2.672685758744464e-06, -1.59792834e-08, 9.98214034e-10, ],

[ 0.0, -1.45799022e-12, -2.28980078e-13, 4.62010753e-11, -1.75214813e-10, -1.8366977e-15, 1.1761272984326698e-15, 0.0, -2.04721003e-06, -1.59792834e-08, 8.067670006348533e-10, ],

[ 0.0, -9.43657766689751e-13, -2.28980078e-13, 4.62010753e-11, -1.8989022178439815e-10, -1.8366977e-15, 9.684297212797048e-16, 2.29423303e-05, -2.586002792185661e-06, -1.59792834e-08, 0.0, ],


[5.16868580e+10 2.47741915e+11 5.87045253e+22]
[1.35107233e+10 3.68296593e+11 1.35459841e+23]
[1.73887988e+10 4.18258057e+11 1.74637432e+23]
[9.02931301e+10 6.63448715e+11 4.32011348e+23]
[2.28015873e+12 3.02227451e+12 3.93501938e+24]
[3.73426137e+12 5.33600409e+12 1.45282317e+25]
[3.59210919e+12 5.91346503e+12 2.20658203e+25]
[2.16400457e+12 6.11515408e+12 3.27121936e+25]
[9.46308785e+12 1.53516110e+13 1.46121928e+26]
[1.43469792e+13 2.23809187e+13 2.95069709e+26]
[9.85285302e+12 2.25340565e+13 4.10704991e+26]
[1.36369174e+13 3.07637693e+13 7.60443985e+26]
[2.20562550e+13 4.58510663e+13 1.61584190e+27]
[3.94962627e+13 6.81358412e+13 3.08253808e+27]
[4.78911409e+13 8.06376162e+13 4.20886377e+27]
[5.09177928e+13 8.85708960e+13 5.25218199e+27]
[4.94984128e+13 8.86936605e+13 5.41647253e+27]
[5.51763233e+13 1.01489095e+14 7.25560978e+27]
[6.93448103e+13 1.26779108e+14 1.12642395e+28]
[6.83303684e+14 1.26999863e+15 1.14599260e+30]


Generation:  1

This:
[ 0.0, -1.45799022e-12, 0.0, 4.62010753e-11, -1.75214813e-10, -2.1672113550764534e-15, 8.5294406e-16, 2.29423303e-05, -2.04721003e-06, -1.59792834e-08, 9.98214034e-10, ],

[ 0.0, -1.45799022e-12, -2.28980078e-13, 5.5633207162540385e-11, -1.0348966156624659e-10, -1.8366977e-15, 6.772683336858704e-16, 2.29423303e-05, -2.04721003e-06, -1.59792834e-08, 9.98214034e-10, ],

[ 0.0, 9.519489684937161e-14, -3.145992527423223e-13, 6.885491132098993e-11, -1.5240514071807058e-10, -1.782564791193527e-15, 8.5294406e-16, 2.2942330299999996e-05, -2.04721003e-06, -1.59792834e-08, 9.98214034e-10, ],

[ 0.0, 0.0, -2.28980078e-13, 6.167496862027033e-11, -2.182613280828812e-10, -1.7412877909757108e-15, 8.5294406e-16, 2.29423303e-05, -2.04721003e-06, -1.59792834e-08, 9.98214034e-10, ],

[ 0.0, -8.998294401119519e-13, -2.28980078e-13, 0.0, -1.515145419353505e-10, -1.3867226085937431e-15, 8.5294406e-16, 2.29423303e-05, -2.04721003e-06, -1.59792834e-08, 9.98214034e-10, ],

[ 0.0, -1.2376182150691764e-12, -1.25202701698131e-13, 4.6296316014701336e-11, -1.7547976124392544e-10, -2.3112552872007413e-15, 5.933175871573184e-16, 1.7475518283385723e-05, -1.8876468013985478e-06, -1.59792834e-08, 9.98214034e-10, ],

[ 0.0, -9.82820733924814e-13, -2.28980078e-13, -5.3826016261105266e-12, -1.437441593844148e-10, -1.0443540339058313e-15, 8.5294406e-16, 2.2942330299999996e-05, -2.04721003e-06, -1.8740879015428024e-08, 9.98214034e-10, ],

[ 0.0, -2.262617132659773e-12, 2.255277430261415e-14, 2.9032836048221028e-11, -1.7175813284690467e-10, -1.1606441386899287e-15, 8.5294406e-16, 2.9875939927776298e-05, -2.04721003e-06, -1.8930278590637382e-08, 9.98214034e-10, ],

[ 0.0, -1.11499908339494e-14, -2.28980078e-13, 6.157972790556899e-11, -1.2237452743930492e-10, -2.299302957815513e-15, 8.5294406e-16, 2.29423303e-05, -1.9719926351103705e-06, -1.59792834e-08, 9.98214034e-10, ],

[ 0.0, -1.45799022e-12, -3.338446671718122e-13, 4.1856517701109883e-11, -2.1641940586088416e-10, -1.8366977e-15, 6.829647001581379e-16, 2.29423303e-05, -2.04721003e-06, -1.9420038046021553e-08, 9.98214034e-10, ],

[ -6.558437612600544e-09, -2.1328640489495176e-12, -1.3945935029856689e-13, 3.6828484000260524e-11, -1.4003930555101698e-10, -1.0116366248730413e-15, 9.980519186913257e-16, 2.2942330299999996e-05, -2.04721003e-06, -2.1207100847863054e-08, 9.98214034e-10, ],

[ 0.0, -9.0867580878309e-13, -2.28980078e-13, 1.1831168609891095e-12, -1.5212145833555382e-10, -1.5328699577872095e-15, 8.5294406e-16, 2.29423303e-05, -2.043098630420252e-06, -1.59792834e-08, 8.768500285593916e-10, ],

[ 3.0203727169747942e-09, -1.4579902200000002e-12, -4.2336539487324524e-13, 3.001314943524821e-11, -1.5131089848045644e-10, -1.8366977e-15, 5.378568414668122e-16, 2.2942330299999996e-05, -2.04721003e-06, -1.859703780586796e-08, 9.124520452210868e-10, ],

[ 0.0, 1.170781385479745e-13, -3.7079297667779923e-13, 6.291753842710154e-11, -2.2171800823597648e-10, -1.9693840595113036e-15, 7.214702218112761e-16, 2.29423303e-05, -2.04721003e-06, -1.59792834e-08, 1.101526688944929e-09, ],

[ 3.4679484174268607e-10, -1.491852426362204e-13, -2.28980078e-13, 2.9481249305214076e-10, -1.6833244493979233e-10, -1.7510503739014649e-15, 7.036414551050955e-16, 2.29423303e-05, -2.409653082617564e-06, -1.556236295856857e-08, 9.716301067846647e-10, ],

[ -1.6309550112805645e-09, -1.1575405935238803e-12, -2.28980078e-13, -6.621846885979882e-10, -1.75214813e-10, -1.816191269076204e-15, 5.670769992795477e-16, 2.29423303e-05, -1.820430817712963e-06, -1.7562108696804656e-08, 1.1053842470585828e-09, ],

[ 0.0, -1.4579902200000002e-12, -2.2108572373127422e-13, 5.667033578830139e-11, -9.498815103748441e-11, -1.8366977000000005e-15, 6.768395031785302e-16, 2.2942330300000002e-05, -2.0472100300000002e-06, -1.5720258534294818e-08, 1.1957711236222964e-09, ],

[ 4.787298308842354e-09, -1.545732469022992e-12, -2.28980078e-13, 2.471876739350739e-09, -1.75214813e-10, -1.1286366483752242e-15, 1.4463170621822126e-15, 2.4535946461475272e-05, -2.1134378311495836e-06, -1.0223942535768118e-08, 6.312385935325475e-10, ],

[ 0.0, -1.058673967374662e-12, 1.0653939853751541e-14, 5.512947253122653e-11, -1.7521481300000001e-10, -2.1825894291551433e-15, 8.529440600000001e-16, 2.7810473477342585e-05, -2.0546801343542022e-06, -1.59792834e-08, 1.2346451542853508e-09, ],

[ 1.0735012824290146e-09, -1.0923876122855395e-12, -3.41739021440538e-13, 4.081938907534889e-11, -2.249209163896464e-10, -1.8366977000000005e-15, 6.833935306654781e-16, 2.2942330300000002e-05, -2.0472100300000002e-06, -1.9679062911726743e-08, 1.36789002654247e-09, ],


[5.16868580e+10 2.47741915e+11 5.87045253e+22]
[1.35107233e+10 3.68296593e+11 1.35459841e+23]
[1.48918436e+10 3.95809713e+11 1.56443562e+23]
[1.73887988e+10 4.18258057e+11 1.74637432e+23]
[9.02931301e+10 6.63448715e+11 4.32011348e+23]
[2.07912596e+11 7.60685123e+11 5.35414210e+23]
[6.61808828e+11 9.90086387e+11 5.42280129e+23]
[1.71443911e+11 7.92245644e+11 5.98260146e+23]
[2.30043439e+11 1.42012258e+12 1.96382817e+24]
[2.28015873e+12 3.02227451e+12 3.93501938e+24]
[3.45581921e+12 5.68139376e+12 2.03355486e+25]
[5.65311624e+12 8.70696650e+12 4.38535425e+25]
[8.75998565e+12 1.37818658e+13 1.13202477e+26]
[4.57073020e+12 1.15879990e+13 1.13390147e+26]
[1.31707572e+13 2.19511199e+13 3.08382820e+26]
[1.35730898e+13 3.00679477e+13 7.19852708e+26]
[1.87376458e+13 4.07383577e+13 1.30851442e+27]
[2.79503992e+13 4.72731785e+13 1.45352859e+27]
[3.22305612e+13 6.97501341e+13 3.82627214e+27]
[3.96387095e+13 8.13410504e+13 5.04513919e+27]


Generation:  2

This:
[ 0.0, -1.45799022e-12, 0.0, 4.62010753e-11, -1.75214813e-10, -2.1672113550764534e-15, 8.5294406e-16, 2.29423303e-05, -2.04721003e-06, -1.59792834e-08, 9.98214034e-10, ],

[ 0.0, -5.6501521837783405e-14, -3.1647891306962816e-13, 6.621803334809912e-11, -1.5865728327449233e-10, -1.787851841854763e-15, 8.363425230299245e-16, 2.2942330299999996e-05, -2.04721003e-06, -1.6315334880097515e-08, 9.98214034e-10, ],

[ 0.0, 1.339350114705316e-13, -2.6813344631898434e-13, 7.793725158192254e-11, -1.5346473951580913e-10, -2.2446158728164915e-15, 8.529440600000001e-16, 2.2942330299999996e-05, -2.04721003e-06, -1.564142521959073e-08, 9.98214034e-10, ],

[ 0.0, -1.45799022e-12, -2.28980078e-13, 5.5633207162540385e-11, -1.0348966156624659e-10, -1.8366977e-15, 6.772683336858704e-16, 2.29423303e-05, -2.04721003e-06, -1.59792834e-08, 9.98214034e-10, ],

[ 0.0, 9.519489684937161e-14, -3.145992527423223e-13, 6.885491132098993e-11, -1.5240514071807058e-10, -1.782564791193527e-15, 8.5294406e-16, 2.2942330299999996e-05, -2.04721003e-06, -1.59792834e-08, 9.98214034e-10, ],

[ 0.0, 0.0, -2.28980078e-13, 6.167496862027033e-11, -2.182613280828812e-10, -1.7412877909757108e-15, 8.5294406e-16, 2.29423303e-05, -2.04721003e-06, -1.59792834e-08, 9.98214034e-10, ],

[ 0.0, -1.95475340397165e-12, -6.851655103217257e-15, 3.347429832697159e-11, -1.7808560508010124e-10, -1.5840567231953426e-15, 8.5294406e-16, 2.8932516101242384e-05, -2.04721003e-06, -1.852875047984191e-08, 9.98214034e-10, ],

[ 0.0, -8.998294401119519e-13, -2.28980078e-13, 0.0, -1.515145419353505e-10, -1.3867226085937431e-15, 8.5294406e-16, 2.29423303e-05, -2.04721003e-06, -1.59792834e-08, 9.98214034e-10, ],

[ 0.0, -1.2456163017941933e-12, -9.178948911956124e-14, 3.373939965045022e-11, -1.754507213043052e-10, -2.3022770457659182e-15, 5.953434576341255e-16, 1.7572279017506057e-05, -1.888891876411386e-06, -1.6002310073545478e-08, 9.98214034e-10, ],

[ 0.0, -3.4482447419629877e-12, 4.045267359465785e-14, 3.1198864625572634e-11, -1.752724314976852e-10, -1.0796134581892983e-15, 8.529440599999999e-16, 3.0369358234496026e-05, -2.0525627454851105e-06, -1.91402810465399e-08, 9.98214034e-10, ],

[ 7.743833355403523e-09, -1.2153610397848837e-12, -1.287429972668578e-13, 4.674472764177498e-11, -1.7134493093005532e-10, -2.3591847481326484e-15, 5.84263390330383e-16, 1.692338012346719e-05, -1.8715312029175837e-06, -1.5631773382605614e-08, 9.98214034e-10, ],

[ 0.0, -6.062399973779666e-13, -1.80837211550131e-13, -1.5884506474409646e-12, -1.4905140886105157e-10, -8.162150901644258e-16, 8.593947596525714e-16, 2.2942330299999996e-05, -2.0472100299999994e-06, -1.5848707106382207e-08, 9.982140339999997e-10, ],

[ 0.0, -1.064820301530112e-12, -3.319650068445063e-13, 5.407772953601351e-11, -2.1016726330446242e-10, -1.799386312879097e-15, 6.995662371282133e-16, 2.2942330299999996e-05, -2.04721003e-06, -1.908398656592404e-08, 9.98214034e-10, ],

[ 3.7015326360845256e-09, -1.921604023438251e-12, -3.5491712961396683e-13, 4.140810607403624e-11, -2.488324356999085e-10, -1.788768239068093e-15, 6.920188969850733e-16, 2.349446845991853e-05, -2.063325628480964e-06, -2.5329139884380605e-08, 1.2265114159004022e-09, ],

[ -4.716759519072882e-09, 3.1927862276278284e-12, -5.339506654509073e-13, 5.541005900904038e-11, -5.869340255074751e-11, -4.61682421178665e-15, 8.529440599999999e-16, 7.363064776868618e-06, -1.8807954300692585e-06, -1.2401354200633419e-08, 9.982140339999997e-10, ],

[ 0.0, -1.1147069512375057e-12, -2.185052863885928e-13, -1.4464941887043139e-11, -1.4268456058667626e-10, -4.923540374473243e-16, 7.846389706521133e-16, 2.2942330299999996e-05, -2.04721003e-06, -1.9078737195837294e-08, 1.0700426939064005e-09, ],

[ 0.0, -9.255884542879185e-13, -2.28980078e-13, -1.477659982495149e-12, -1.4808349339466637e-10, -1.0849383503495125e-15, 8.529440600000001e-16, 2.2942330299999996e-05, -2.0472100300000002e-06, -1.4798070411927492e-08, 9.98214034e-10, ],

[ 5.59462803859307e-09, 1.1089973323721689e-13, -3.2006520464479764e-13, 6.389587103034327e-11, -1.1886022878852434e-10, -2.380333638316143e-15, 8.529440599999999e-16, 2.2448911993280265e-05, -1.846796196074185e-06, -1.5591037206864017e-08, 9.98214034e-10, ],

[ 5.4220292663137726e-09, -1.51090229571846e-12, 8.309939983791434e-15, 4.563951061747318e-11, -1.736526074143677e-10, -2.182668591733346e-15, 7.111238751128443e-16, 2.29423303e-05, -2.3350168359096205e-06, -1.59792834e-08, 9.98214034e-10, ],

[ 0.0, -5.723227963689553e-14, -2.28980078e-13, 5.7770026976654954e-11, -2.605295417055665e-10, -1.70070347453203e-15, 7.929105245491885e-16, 2.29423303e-05, -1.7705295761328825e-06, -1.614009849786127e-08, 7.211085050240556e-10, ],


[5.16868580e+10 2.47741915e+11 5.87045253e+22]
[2.69848086e+10 2.55698122e+11 6.46533499e+22]
[3.01072651e+10 3.52278855e+11 1.23193944e+23]
[1.35107233e+10 3.68296593e+11 1.35459841e+23]
[1.48918436e+10 3.95809713e+11 1.56443562e+23]
[1.73887988e+10 4.18258057e+11 1.74637432e+23]
[4.15037001e+10 4.58298404e+11 2.08314870e+23]
[9.02931301e+10 6.63448715e+11 4.32011348e+23]
[2.05168621e+11 7.60474447e+11 5.36227222e+23]
[1.74644008e+11 7.59553007e+11 5.46420241e+23]
[3.13530809e+11 1.18171471e+12 1.29814810e+24]
[4.68575355e+11 1.41400163e+12 1.77983774e+24]
[1.80301328e+12 2.32001842e+12 2.13162858e+24]
[1.25004917e+12 2.29317952e+12 3.69604940e+24]
[2.50215029e+12 1.48519198e+12 4.05496084e+24]
[1.07711114e+12 2.33893397e+12 4.31044370e+24]
[9.23405336e+11 2.63620707e+12 6.09691031e+24]
[2.64721280e+12 7.78107158e+12 5.35373393e+25]
[7.82015572e+12 1.19381385e+13 8.13643164e+25]
[1.15215011e+13 1.79885714e+13 1.90843714e+26]


Generation:  3

This:
[ 0.0, -1.45799022e-12, 0.0, 4.62010753e-11, -1.75214813e-10, -2.1672113550764534e-15, 8.5294406e-16, 2.29423303e-05, -2.04721003e-06, -1.59792834e-08, 9.98214034e-10, ],

[ 0.0, -5.6501521837783405e-14, -3.1647891306962816e-13, 6.621803334809912e-11, -1.5865728327449233e-10, -1.787851841854763e-15, 8.363425230299245e-16, 2.2942330299999996e-05, -2.04721003e-06, -1.6315334880097515e-08, 9.98214034e-10, ],

[ 0.0, -4.8144640554143075e-14, -3.1435738040350256e-13, 6.673230502599497e-11, -1.584294201066559e-10, -1.8078959096345748e-15, 8.370710443444786e-16, 2.29423303e-05, -2.04721003e-06, -1.628576186209033e-08, 9.98214034e-10, ],

[ 0.0, 7.987598672092974e-14, -2.612232413450741e-13, 7.620531689528271e-11, -1.7827319146772373e-10, -3.160065994430881e-15, 1.1571479005682004e-15, 2.273189975465118e-05, -2.041006183212377e-06, -1.5655566834378168e-08, 9.982140339999997e-10, ],

[ 0.0, 1.339350114705316e-13, -2.6813344631898434e-13, 7.793725158192254e-11, -1.5346473951580913e-10, -2.2446158728164915e-15, 8.529440600000001e-16, 2.2942330299999996e-05, -2.04721003e-06, -1.564142521959073e-08, 9.98214034e-10, ],

[ -4.092666327262542e-09, -1.7962947735243968e-12, -4.666098848278085e-15, 3.753391408398149e-11, -1.7716987340756729e-10, -1.7700726907396008e-15, 8.391757947368483e-16, 2.702175324921183e-05, -2.04721003e-06, -1.7715515773895665e-08, 9.98214034e-10, ],

[ 0.0, -1.45799022e-12, -2.28980078e-13, 5.5633207162540385e-11, -1.0348966156624659e-10, -1.8366977e-15, 6.772683336858704e-16, 2.29423303e-05, -2.04721003e-06, -1.59792834e-08, 9.98214034e-10, ],

[ 0.0, 9.519489684937161e-14, -3.145992527423223e-13, 6.885491132098993e-11, -1.5240514071807058e-10, -1.782564791193527e-15, 8.5294406e-16, 2.2942330299999996e-05, -2.04721003e-06, -1.59792834e-08, 9.98214034e-10, ],

[ 0.0, 2.7045419449310765e-13, -2.6653723858873176e-13, 7.141113938865826e-11, -1.4983132829851568e-10, -1.7391617957000187e-15, 8.529440600000002e-16, 2.2942330299999996e-05, -2.04721003e-06, -1.59792834e-08, 9.982140340000002e-10, ],

[ 0.0, 4.381981630630868e-15, -2.2219409639268133e-13, 6.132263074446465e-11, -1.595125133714488e-10, -1.7376765109789422e-15, 8.542315939933667e-16, 2.29423303e-05, -2.04721003e-06, -1.5953220891153575e-08, 9.98214034e-10, ],

[ 0.0, -9.511988315092977e-14, -2.677528450898222e-13, 7.479692309636923e-11, -2.6427949663647744e-10, -1.3838270508330152e-15, 8.529440599999999e-16, 2.2942330300000006e-05, -2.04721003e-06, -1.6219228357552692e-08, 9.982140340000002e-10, ],

[ 0.0, 1.4403039660707304e-13, -2.342789062701424e-13, 8.030404176238189e-11, -1.5374086306520987e-10, -1.6542790720991724e-15, 8.529440600000001e-16, 2.2942330299999996e-05, -2.266255713786223e-06, -8.76800221818184e-09, 8.904150666866919e-10, ],

[ 0.0, -1.6332495176437363e-12, 3.549895210604876e-14, 3.747917335580348e-11, -1.7778862541955491e-10, -1.4521296084145559e-15, 8.529440600000002e-16, 1.69862902918445e-05, -2.04721003e-06, -1.2908214530097059e-08, 9.982140340000002e-10, ],

[ 0.0, 3.83636471160485e-13, -2.592616584459904e-13, 6.784108530485828e-11, -2.2771075784104698e-10, -1.4178923896587414e-15, 9.098033054273663e-16, 2.412764221707072e-05, -2.0821550210746595e-06, -1.9362478837639962e-08, 9.98214034e-10, ],

[ 0.0, 1.3169082786228472e-13, -2.7082517302498306e-13, 7.74111189326667e-11, -1.5340335781169036e-10, -2.2178496261574112e-15, 1.1604006208638857e-15, 2.2942330299999996e-05, -1.9139252279905755e-06, -1.566099707160514e-08, 9.98214034e-10, ],

[ 0.0, -1.6164488504472529e-12, -3.0244537386383714e-15, 4.2141459542990103e-11, -1.7613054467253397e-10, -1.981195387532195e-15, 8.5294406e-16, 2.4853093152030554e-05, -2.04721003e-06, -2.2472406510631385e-08, 9.98214034e-10, ],

[ 0.0, -1.5205566643615563e-12, -6.442360411737668e-14, 3.791285374706492e-11, -1.6600129154613935e-10, -1.6676093407740917e-15, 6.148756474487031e-16, 1.6386967100435333e-05, -1.8539468853367255e-06, -1.3135385504253327e-08, 9.98214034e-10, ],

[ 0.0, 5.19303275108351e-14, -3.119075260363236e-13, 6.938104397024578e-11, -1.5246652242218935e-10, -2.4353038039215077e-15, 8.529440600000001e-16, 2.2942330299999996e-05, -2.04721003e-06, -1.2880891858589094e-08, 1.0753767477943542e-09, ],

[ 0.0, 1.255781301868913e-13, -2.7025497898511e-13, 7.74229799040267e-11, -2.273297168147597e-10, -2.22457180503668e-15, 8.522155386854461e-16, 2.29423303e-05, -1.6618873008444739e-06, -1.567099823759792e-08, 9.98214034e-10, ],

[ 0.0, 8.509951171283017e-14, -3.2670789558220074e-13, 6.648812114053058e-11, -1.5212901716866985e-10, -1.6621577230329294e-15, 8.529440599999999e-16, 2.2942330299999996e-05, -1.4966303599054798e-06, -1.6250775401783867e-08, 9.98214034e-10, ],


[5.16868580e+10 2.47741915e+11 5.87045253e+22]
[2.69848086e+10 2.55698122e+11 6.46533499e+22]
[2.63987749e+10 2.58099671e+11 6.59185447e+22]
[4.45928417e+11 2.91608363e+11 1.13816716e+23]
[3.01072651e+10 3.52278855e+11 1.23193944e+23]
[1.97458649e+10 3.62956801e+11 1.31347741e+23]
[1.35107233e+10 3.68296593e+11 1.35459841e+23]
[1.48918436e+10 3.95809713e+11 1.56443562e+23]
[1.75512356e+10 4.19448697e+11 1.75629163e+23]
[1.91550554e+10 4.35280547e+11 1.89102239e+23]
[4.93710232e+10 4.95645548e+11 2.43227011e+23]
[1.65012505e+12 1.27898374e+12 1.08711329e+24]
[2.52627316e+11 1.20284690e+12 1.38302009e+24]
[1.81733479e+12 2.62285585e+12 3.57666706e+24]
[1.34957212e+12 4.51325442e+12 1.85481206e+25]
[6.59884717e+12 9.84933244e+12 5.34645656e+25]
[3.60397396e+12 8.95335023e+12 6.71738521e+25]
[7.15342044e+12 1.81459725e+13 2.78104894e+26]
[1.18152775e+13 2.78256771e+13 6.34667525e+26]
[2.48972904e+13 5.34046528e+13 2.23218188e+27]


Generation:  4

This:
[ 0.0, 1.5192138822563762e-13, -2.6825612016478474e-13, 7.790751473859178e-11, -1.5347791529743206e-10, -2.2434568603160983e-15, 8.529019345532272e-16, 2.2942330299999996e-05, -2.0472100300000002e-06, -1.640125165645505e-08, 9.98214034e-10, ],

[ 0.0, 8.294846692069404e-14, -3.021381036914565e-13, 5.4055384348943715e-11, -1.533635940500327e-10, -2.500216457377271e-15, 9.337756128857981e-16, 2.2942330299999996e-05, -2.04721003e-06, -1.597576878219939e-08, 9.98214034e-10, ],

[ 2.466359946125083e-09, 9.919485709330744e-13, -5.043863978702443e-13, 8.350391917065871e-11, -1.475010571978392e-10, -2.0290903158139435e-15, 8.346351109675491e-16, 2.048395119926123e-05, -2.04721003e-06, -1.5471545086927833e-08, 9.982140339999997e-10, ],

[ 0.0, -1.2780911394479588e-13, -2.587718359921838e-13, 6.508543994534642e-11, -1.6058218492308398e-10, -1.7984709250438773e-15, 8.327218014230462e-16, 2.2942330299999996e-05, -2.04721003e-06, -1.6388626217954106e-08, 9.98214034e-10, ],

[ 0.0, -1.45799022e-12, 0.0, 4.62010753e-11, -1.75214813e-10, -2.1672113550764534e-15, 8.5294406e-16, 2.29423303e-05, -2.04721003e-06, -1.59792834e-08, 9.98214034e-10, ],

[ 0.0, -5.6501521837783405e-14, -3.1647891306962816e-13, 6.621803334809912e-11, -1.5865728327449233e-10, -1.787851841854763e-15, 8.363425230299245e-16, 2.2942330299999996e-05, -2.04721003e-06, -1.6315334880097515e-08, 9.98214034e-10, ],

[ 0.0, -4.8144640554143075e-14, -3.1435738040350256e-13, 6.673230502599497e-11, -1.584294201066559e-10, -1.8078959096345748e-15, 8.370710443444786e-16, 2.29423303e-05, -2.04721003e-06, -1.628576186209033e-08, 9.98214034e-10, ],

[ 0.0, 7.987598672092974e-14, -2.612232413450741e-13, 7.620531689528271e-11, -1.7827319146772373e-10, -3.160065994430881e-15, 1.1571479005682004e-15, 2.273189975465118e-05, -2.041006183212377e-06, -1.5655566834378168e-08, 9.982140339999997e-10, ],

[ 0.0, 1.339350114705316e-13, -2.6813344631898434e-13, 7.793725158192254e-11, -1.5346473951580913e-10, -2.2446158728164915e-15, 8.529440600000001e-16, 2.2942330299999996e-05, -2.04721003e-06, -1.564142521959073e-08, 9.98214034e-10, ],

[ 0.0, 1.0149815555385727e-13, -2.2208222783586072e-13, 7.7365702864195e-11, -1.7973594002061187e-10, -3.2709680709915208e-15, 1.180765937550378e-15, 2.271549272639171e-05, -2.1567628902913667e-06, -1.5632359088977115e-08, 9.982140339999997e-10, ],

[ 0.0, 3.4176178660012016e-13, -3.6419506805019166e-13, 7.254373279141097e-11, -1.4790642664992403e-10, -1.7285427125109048e-15, 8.565647816068785e-16, 2.2942330299999996e-05, -2.04721003e-06, -1.590599206214341e-08, 9.982140340000002e-10, ],

[ 0.0, -1.840120690297377e-15, -1.5435566825879925e-13, 6.01622447755524e-11, -1.5804976481856072e-10, -1.6267744344183026e-15, 8.306135570111891e-16, 2.7983328534939094e-05, -1.5949493132133157e-06, -2.1048975455608455e-08, 8.084200676741458e-10, ],

[ 0.0, 9.265569967377581e-14, -2.6221175098955505e-13, 7.645307136100673e-11, -1.7472432510099516e-10, -3.655719808259346e-15, 1.515556399821348e-15, 2.2762001991032884e-05, -3.0356769437844456e-06, -1.3699424845557998e-08, 1.400466441898091e-09, ],

[ 3.9852992375804845e-09, 1.2850445596976142e-13, -4.3699839122429895e-13, 6.928033000049644e-11, -1.5200372058266245e-10, -1.785100054278883e-15, 8.528713408539575e-16, 1.482049693511607e-05, -2.04721003e-06, -1.1589548902437662e-08, 9.98214034e-10, ],

[ 6.888094258948185e-09, -9.98377991199462e-13, -2.631407068768852e-13, 5.895394607705594e-11, -1.448530693445231e-10, -1.815099568350991e-15, 7.473600311047641e-16, 1.6346579120360156e-05, -2.04721003e-06, -1.59792834e-08, 9.982140340000002e-10, ],

[ -4.0962067958575394e-11, 4.541689225904784e-14, -2.5865545050510083e-13, 7.407455868263202e-11, -1.4842102021377344e-10, -4.232636398641721e-15, 1.1539654288085965e-15, 2.2774835400102165e-05, -2.041068275348261e-06, -1.567618414390317e-08, 9.982140339999997e-10, ],

[ 9.288452939868233e-09, 1.2620183024971776e-13, -2.6714493667450337e-13, 7.768949711619851e-11, -1.5701360588253765e-10, -2.3755716516499276e-15, 8.964606317117154e-16, 2.2912228063618287e-05, -2.0463225653870684e-06, -1.3367607724462394e-08, 9.98214034e-10, ],

[ -3.9640557015646125e-09, -1.4088085532350302e-12, -9.902856492700944e-15, 5.093124184505792e-11, -1.7642494776294201e-10, -2.17044290927445e-15, 8.396084577170853e-16, 2.6893558792094785e-05, -2.04721003e-06, -1.4316349552862709e-08, 9.98214034e-10, ],

[ -4.051704259303967e-09, -1.7775168356135717e-12, -7.233889688251322e-15, 2.610249422278969e-11, -1.0475628209121443e-10, -1.7159066289773055e-15, 8.423582664964523e-16, 2.6978817603760846e-05, -2.047147937864116e-06, -1.7694898464370667e-08, 8.365528730022307e-10, ],

[ 4.260639891976947e-09, -5.245001716148427e-13, -1.584713271456483e-13, 6.357967092961643e-11, -1.3288867685738248e-10, -2.0239255267135835e-15, 7.828523625811064e-16, 2.2942330299999996e-05, -1.4421584108825686e-06, -1.59792834e-08, 5.749952752663144e-10, ],


[1.86043943e+11 1.98617128e+11 4.83641480e+21]
[1.70064147e+11 2.08945890e+11 1.47365708e+22]
[1.29435902e+11 2.30441718e+11 3.63497329e+22]
[3.71330778e+10 2.34164786e+11 5.34542817e+22]
[5.16868580e+10 2.47741915e+11 5.87045253e+22]
[2.69848086e+10 2.55698122e+11 6.46533499e+22]
[2.63987749e+10 2.58099671e+11 6.59185447e+22]
[4.45928417e+11 2.91608363e+11 1.13816716e+23]
[3.01072651e+10 3.52278855e+11 1.23193944e+23]
[2.88315290e+12 2.85600437e+12 1.55809658e+23]
[2.35846638e+10 4.69341909e+11 2.19725591e+23]
[1.44239810e+12 1.25502327e+12 5.05428863e+23]
[6.00504414e+11 1.01989670e+12 6.79583720e+23]
[2.31549184e+11 1.30553425e+12 1.65080465e+24]
[1.52768472e+12 2.04892264e+12 1.86426339e+24]
[1.72093579e+12 1.00422907e+12 1.95314397e+24]
[7.77261812e+11 3.13157510e+12 9.20262666e+24]
[1.72115037e+12 5.36706640e+12 2.58430432e+25]
[1.14193098e+13 1.80485108e+13 1.95348107e+26]
[1.34985241e+13 1.99986849e+13 2.17737245e+26]


Generation:  5

This:
[ 0.0, 1.5192138822563762e-13, -2.6825612016478474e-13, 7.790751473859178e-11, -1.5347791529743206e-10, -2.2434568603160983e-15, 8.529019345532272e-16, 2.2942330299999996e-05, -2.0472100300000002e-06, -1.640125165645505e-08, 9.98214034e-10, ],

[ 0.0, 8.294846692069404e-14, -3.021381036914565e-13, 5.4055384348943715e-11, -1.533635940500327e-10, -2.500216457377271e-15, 9.337756128857981e-16, 2.2942330299999996e-05, -2.04721003e-06, -1.597576878219939e-08, 9.98214034e-10, ],

[ 2.466359946125083e-09, 9.919485709330744e-13, -5.043863978702443e-13, 8.350391917065871e-11, -1.475010571978392e-10, -2.0290903158139435e-15, 8.346351109675491e-16, 2.048395119926123e-05, -2.04721003e-06, -1.5471545086927833e-08, 9.982140339999997e-10, ],

[ 2.740629534951393e-09, 1.0853631231625923e-12, -5.30645076891313e-13, 5.4522950957540277e-11, -1.468364054644116e-10, -2.0052518553689893e-15, 1.1812561932814634e-15, 2.0210569113974715e-05, -2.04721003e-06, -1.5368157810081257e-08, 9.98214034e-10, ],

[ 0.0, -1.2780911394479588e-13, -2.587718359921838e-13, 6.508543994534642e-11, -1.6058218492308398e-10, -1.7984709250438773e-15, 8.327218014230462e-16, 2.2942330299999996e-05, -2.04721003e-06, -1.6388626217954106e-08, 9.98214034e-10, ],

[ 0.0, -1.45799022e-12, 0.0, 4.62010753e-11, -1.75214813e-10, -2.1672113550764534e-15, 8.5294406e-16, 2.29423303e-05, -2.04721003e-06, -1.59792834e-08, 9.98214034e-10, ],

[ -2.742695888263098e-10, 5.850683599611987e-14, -2.419974411437161e-13, 7.728517105153173e-11, -1.9842559999295526e-10, -2.6078223722208436e-15, 8.549332820870201e-16, 2.3215712385286514e-05, -2.0472100300000002e-06, -1.6504638933301633e-08, 9.982140340000002e-10, ],

[ 6.491037218423139e-09, -1.4373913874194872e-12, -2.7618869679993874e-15, 4.6493513573215645e-11, -9.982712025415305e-11, -2.4533691884759953e-15, 9.366811877036609e-16, 2.070792573368912e-05, -2.04721003e-06, -1.598562237454767e-08, 9.982140340000002e-10, ],

[ 0.0, 1.2199320575766386e-13, -1.4310142460604083e-13, 7.702703676257474e-11, -1.6193993538222132e-10, -3.1872570960589544e-15, 1.1654790673036639e-15, 2.272613673747079e-05, -2.0408362797624656e-06, -1.5646701276736985e-08, 9.98214034e-10, ],

[ 0.0, -1.7337530669955078e-13, -2.5471926645684525e-13, 6.611619655998175e-11, -1.6125676087836478e-10, -1.0961337175369436e-15, 8.232783418059148e-16, 2.2942330299999992e-05, -2.04721003e-06, -1.642720766743876e-08, 9.98214034e-10, ],

[ -3.5630005522423986e-10, -1.6017958972280367e-14, -1.8129945744935896e-13, 5.40073595298884e-11, -1.9708007463889167e-10, -3.450374614406529e-15, 1.230769357699993e-15, 2.303786998953246e-05, -2.172589327236677e-06, -1.5655590912012927e-08, 9.98214034e-10, ],

[ 0.0, 7.747071820885916e-14, -2.784692576721317e-13, 7.602733669280557e-11, -1.608605465315478e-10, -3.837703320538272e-15, 7.47913737347745e-16, 2.273585335162597e-05, -2.0411227419080312e-06, -1.5667407022079818e-08, 9.982140339999997e-10, ],

[ 0.0, 2.4123406109758746e-13, -2.4089380618269744e-13, 8.454029647575863e-11, -1.505390665854393e-10, -2.9301693696103727e-15, 8.622979854695084e-16, 2.2942330299999996e-05, -2.04721003e-06, -1.8787339760803773e-08, 9.98214034e-10, ],

[ -7.661963515941879e-09, -1.745185538757213e-13, -2.5822050240729907e-13, 5.506806627235286e-11, -1.5660338719100945e-10, -1.4922412393326171e-15, 7.59756714657215e-16, 1.4832454315266813e-05, -2.048605306829865e-06, -1.6553495017560742e-08, 1.0062388604620922e-09, ],

[ 0.0, -2.1804107435226673e-14, -2.981148563697573e-13, 6.860402471587283e-11, -1.6217985185505334e-10, -1.2449034354469035e-15, 8.975691568681087e-16, 2.290240173159814e-05, -2.7759017410486276e-06, -1.3528214308835137e-08, 1.3275892889283214e-09, ],

[ 0.0, -4.573937204207249e-14, -3.133590891569005e-13, 5.135497804771886e-11, -1.5880224751292187e-10, -1.9407366724119807e-15, 6.659215240415964e-16, 2.293837670302521e-05, -2.047093471304346e-06, -2.225698910202898e-08, 9.98214034e-10, ],

[ 0.0, -1.4840794652530866e-13, -2.547645638230859e-13, 6.479300167213079e-11, -1.6080878192900838e-10, -1.2676061163498353e-15, 8.330349579676177e-16, 2.29423303e-05, -2.04721003e-06, -1.638228724340644e-08, 8.529980277879399e-10, ],

[ 4.893282040946428e-09, 1.273333925286195e-13, -2.8449348749198777e-13, 8.339925075066109e-11, -1.818939256919039e-10, -3.4368691032326368e-15, 1.21997883627001e-15, 2.4705506504970454e-05, -1.7764924282144365e-06, -1.5547153153133643e-08, 9.982140339999995e-10, ],

[ -5.283637675486297e-09, -1.536443509195581e-13, -2.6290552404883456e-13, 6.370186626573962e-11, -1.5842419925179195e-10, -1.3123987490307956e-15, 7.935089027034142e-16, 1.4115678226029676e-05, -1.5070252752497907e-06, -1.6473832153797577e-08, 9.982140340000002e-10, ],

[ 0.0, -1.5544369018119892e-13, -4.1517723391987514e-13, 8.753014908593423e-11, -1.6135509303702577e-10, -1.8576757970076528e-15, 8.277171188749702e-16, 1.4146139326372181e-05, -2.04721003e-06, -1.4548801056257215e-08, 8.420498125676287e-10, ],


[1.86043943e+11 1.98617128e+11 4.83641480e+21]
[1.70064147e+11 2.08945890e+11 1.47365708e+22]
[1.29435902e+11 2.30441718e+11 3.63497329e+22]
[1.24830973e+11 2.35601764e+11 3.99254191e+22]
[3.71330778e+10 2.34164786e+11 5.34542817e+22]
[5.16868580e+10 2.47741915e+11 5.87045253e+22]
[4.09192531e+11 2.75003150e+11 9.18117946e+22]
[5.98195184e+11 4.89687400e+11 1.18043728e+23]
[4.62760417e+11 2.97871659e+11 1.25419678e+23]
[9.70536019e+10 5.66517648e+11 3.11522844e+23]
[3.59301818e+12 3.66072778e+12 4.91148214e+23]
[1.16088000e+12 6.47000793e+11 9.29032359e+23]
[3.41768797e+12 3.80453601e+12 2.79390315e+24]
[2.12311629e+12 3.20546596e+12 5.76738926e+24]
[3.90151870e+12 8.35581921e+12 5.45978665e+25]
[7.8972773e+12 1.2174288e+13 8.5846300e+25]
[8.71547534e+12 1.44241949e+13 1.32097889e+26]
[4.69559150e+12 1.40554153e+13 1.75506120e+26]
[1.19184365e+13 2.41964746e+13 4.43420255e+26]
[1.87317740e+13 3.18138649e+13 6.61242647e+26]


Generation:  6

This:
[ 3.0312111999542374e-10, 7.770300796288847e-14, -2.558579615021718e-13, 7.644053081963351e-11, -1.509725084518194e-10, -2.253259432366075e-15, 8.568142925004688e-16, 2.2837987158546314e-05, -2.0472100300000002e-06, -1.638184242967122e-08, 9.98214034e-10, ],

[ -1.4486607620263748e-11, 1.4698733786313586e-13, -2.6686916661578746e-13, 8.764470624090799e-11, -1.1182716278305409e-10, -2.2627022320830107e-15, 8.530092280187127e-16, 2.295677003069308e-05, -2.0472100300000002e-06, -1.6406712454784946e-08, 9.98214034e-10, ],

[ 0.0, 1.5192138822563762e-13, -2.6825612016478474e-13, 7.790751473859178e-11, -1.5347791529743206e-10, -2.2434568603160983e-15, 8.529019345532272e-16, 2.2942330299999996e-05, -2.0472100300000002e-06, -1.640125165645505e-08, 9.98214034e-10, ],

[ 5.0063277253293255e-09, -1.1482701558940223e-12, -4.596700934361781e-14, 5.0981853838425155e-11, -1.2558567976390217e-10, -2.1429256768677862e-15, 9.107423005608845e-16, 2.1219006098718953e-05, -2.04721003e-06, -1.608662716843565e-08, 9.982140340000002e-10, ],

[ 3.8722817785124406e-10, 4.799723120422436e-14, -2.973342848347379e-13, 4.880416540474543e-11, -1.5852839660186013e-10, -1.8346790732524793e-15, 8.330221985202936e-16, 1.742002598655579e-05, -1.971321582987058e-06, -1.62446408861022e-08, 9.982140339999997e-10, ],

[ 0.0, 8.294846692069404e-14, -3.021381036914565e-13, 5.4055384348943715e-11, -1.533635940500327e-10, -2.500216457377271e-15, 9.337756128857981e-16, 2.2942330299999996e-05, -2.04721003e-06, -1.597576878219939e-08, 9.98214034e-10, ],

[ 0.0, 2.319374182057786e-13, -2.715858966704464e-13, 8.080792683500743e-11, -1.5156448564713102e-10, -2.136695992425324e-15, 8.601887048228533e-16, 2.2942330300000002e-05, -2.0472100300000007e-06, -1.639486703286238e-08, 9.98214034e-10, ],

[ 6.187916098427715e-09, -1.363173007156738e-12, -1.5160045630612322e-14, 4.796049749217391e-11, -1.0233252709976567e-10, -2.2157458559682054e-15, 9.32768829756419e-16, 2.0812268875142803e-05, -2.04721003e-06, -1.60050316013315e-08, 9.982140340000002e-10, ],

[ 2.466359946125083e-09, 9.919485709330744e-13, -5.043863978702443e-13, 8.350391917065871e-11, -1.475010571978392e-10, -2.0290903158139435e-15, 8.346351109675491e-16, 2.048395119926123e-05, -2.04721003e-06, -1.5471545086927833e-08, 9.982140339999997e-10, ],

[ 2.740629534951393e-09, 1.0853631231625923e-12, -5.30645076891313e-13, 5.4522950957540277e-11, -1.468364054644116e-10, -2.0052518553689893e-15, 1.1812561932814634e-15, 2.0210569113974715e-05, -2.04721003e-06, -1.5368157810081257e-08, 9.98214034e-10, ],

[ 0.0, -1.2780911394479588e-13, -2.587718359921838e-13, 6.508543994534642e-11, -1.6058218492308398e-10, -1.7984709250438773e-15, 8.327218014230462e-16, 2.2942330299999996e-05, -2.04721003e-06, -1.6388626217954106e-08, 9.98214034e-10, ],

[ -6.31729991452112e-09, 2.4611589015909594e-13, -1.543433988408359e-13, 7.944870842293096e-11, -1.6089706783174115e-10, -3.2673913642537496e-15, 1.328995108213753e-15, 2.2709152682515552e-05, -2.040335561225619e-06, -1.5620573796378422e-08, 9.98214034e-10, ],

[ -3.7671399294563725e-11, -1.0221829807926054e-13, -2.5646784403680345e-13, 4.620272581585125e-11, -1.657800430081444e-10, -1.0669015803660523e-15, 8.35772586457569e-16, 2.29798797991584e-05, -2.04721003e-06, -1.6404560763748286e-08, 9.98214034e-10, ],

[ -2.7473824465580582e-11, -1.5014746976587594e-13, -2.5344491009444143e-13, 7.843727290727671e-11, -1.6497999598362594e-10, -1.241695204583376e-15, 8.264492448450492e-16, 2.2956481372933215e-05, -2.0951707021391295e-06, -1.2364534096339948e-08, 8.808771176160366e-10, ],

[ 1.484709493093814e-09, -5.781176103996102e-13, -2.3607407671988187e-13, 6.162785629477224e-11, -1.4720582147945853e-10, -1.7560689769557822e-15, 8.492172289486911e-16, 2.6188140832035247e-05, -2.04721003e-06, -1.6326202873550784e-08, 9.98214034e-10, ],

[ 0.0, -3.6742511812044335e-13, -2.5138948995118365e-13, 5.515799244854904e-11, -1.0523749145995261e-10, -8.139167616879472e-16, 8.1599157153628885e-16, 2.355255668608864e-05, -2.0472100300000002e-06, -1.5538137748112228e-08, 9.98214034e-10, ],

[ 8.694668077923851e-09, -3.0350780894551817e-12, 2.718924958106146e-13, 2.622921251769401e-11, -7.372421770191636e-11, -2.6856745271593183e-15, 9.925544586698751e-16, 2.083055847227037e-05, -2.04721003e-06, -1.6267095024035576e-08, 9.526503772385295e-10, ],

[ -2.365981895317461e-10, 3.2916020130584535e-14, -2.4430143309909647e-13, 7.560951702166237e-11, -1.9322774190789485e-10, -2.496656560266588e-15, 8.518824970524972e-16, 1.5688012980986453e-05, -2.0472100300000002e-06, -1.6488704387507457e-08, 9.982140340000002e-10, ],

[ 3.622329343658253e-10, -1.3136221389862293e-12, -1.2004436975378972e-13, 4.7945890950472806e-11, -1.6926482147871052e-10, -2.2025011321537784e-15, 9.217800017952334e-16, 3.085627897166983e-05, -1.8440876791398027e-06, -1.585115104888412e-08, 9.98214034e-10, ],

[ 8.918622010822547e-09, -1.582112904401432e-12, 1.5007070333218748e-14, 4.3779403639643776e-11, -1.7625768055048017e-10, -2.087077086881658e-15, 8.283914707490402e-16, 2.2959314354955235e-05, -2.047710748536846e-06, -1.08770078071358e-08, 1.0646546763920965e-09, ],


[1.99725850e+11 2.03165031e+11 1.38561438e+21]
[1.95471513e+11 2.00299104e+11 1.91061860e+21]
[1.86043943e+11 1.98617128e+11 4.83641480e+21]
[3.00454885e+11 2.90032978e+11 6.15400956e+21]
[3.09860979e+11 3.25453261e+11 9.90599870e+21]
[1.70064147e+11 2.08945890e+11 1.47365708e+22]
[1.35580536e+11 1.92976005e+11 1.88576569e+22]
[3.94245035e+11 3.57377489e+11 2.77104786e+22]
[1.29435902e+11 2.30441718e+11 3.63497329e+22]
[1.24830973e+11 2.35601764e+11 3.99254191e+22]
[3.71330778e+10 2.34164786e+11 5.34542817e+22]
[5.14236946e+11 3.17899680e+11 1.63379430e+23]
[1.14934629e+11 6.14624510e+11 3.64553320e+23]
[1.22287294e+12 1.40826819e+12 4.87801074e+23]
[2.72902459e+11 1.36392107e+12 1.78580494e+24]
[8.39260221e+11 2.25325680e+12 4.37280848e+24]
[3.83589775e+12 4.68627457e+12 7.24705782e+24]
[3.79435748e+12 4.98102990e+12 1.04135102e+25]
[1.00524654e+13 2.45765164e+13 5.02953096e+26]
[1.23209899e+13 2.85639041e+13 6.64089823e+26]


Generation:  7

This:
[ 5.3449780016608716e-11, 1.9894749456619052e-13, -2.6517057372609566e-13, 7.754242447559931e-11, -1.5285439132259708e-10, -1.870498242822881e-15, 8.538756083429805e-16, 2.2916362281903494e-05, -2.0472100300000002e-06, -1.7269748404507814e-08, 9.98214034e-10, ],

[ 3.0312111999542374e-10, 7.770300796288847e-14, -2.558579615021718e-13, 7.644053081963351e-11, -1.509725084518194e-10, -2.253259432366075e-15, 8.568142925004688e-16, 2.2837987158546314e-05, -2.0472100300000002e-06, -1.638184242967122e-08, 9.98214034e-10, ],

[ -1.4486607620263748e-11, 1.4698733786313586e-13, -2.6686916661578746e-13, 8.764470624090799e-11, -1.1182716278305409e-10, -2.2627022320830107e-15, 8.530092280187127e-16, 2.295677003069308e-05, -2.0472100300000002e-06, -1.6406712454784946e-08, 9.98214034e-10, ],

[ 0.0, 1.5192138822563762e-13, -2.6825612016478474e-13, 7.790751473859178e-11, -1.5347791529743206e-10, -2.2434568603160983e-15, 8.529019345532272e-16, 2.2942330299999996e-05, -2.0472100300000002e-06, -1.640125165645505e-08, 9.98214034e-10, ],

[ 5.0063277253293255e-09, -1.1482701558940223e-12, -4.596700934361781e-14, 5.0981853838425155e-11, -1.2558567976390217e-10, -2.1429256768677862e-15, 9.107423005608845e-16, 2.1219006098718953e-05, -2.04721003e-06, -1.608662716843565e-08, 9.982140340000002e-10, ],

[ 3.8722817785124406e-10, 4.799723120422436e-14, -2.973342848347379e-13, 4.880416540474543e-11, -1.5852839660186013e-10, -1.8346790732524793e-15, 8.330221985202936e-16, 1.742002598655579e-05, -1.971321582987058e-06, -1.62446408861022e-08, 9.982140339999997e-10, ],

[ -8.030041770334919e-11, 1.0981054072345365e-13, -2.5641882927729916e-13, 7.896247485279267e-11, -2.1584861412772266e-10, -2.2542031278785425e-15, 8.380887163324549e-16, 1.757526243367808e-05, -2.0472100300000002e-06, -1.5114802322814536e-08, 9.98214034e-10, ],

[ 6.21293772425397e-09, -2.006604254807814e-12, 1.0077931007212715e-13, 3.759039517213445e-11, -1.4491211004244156e-10, -2.845139475287593e-15, 9.489261809764744e-16, 2.00813368590344e-05, -2.04721003e-06, -1.58789247513251e-08, 9.982140340000002e-10, ],

[ 3.678775922610708e-09, 1.0825350086906742e-12, -5.298500985032511e-13, 8.305999448450027e-11, -1.910277768405813e-10, -2.0040452954221143e-15, 1.0548888566222687e-15, 1.4773848174557927e-05, -2.04721003e-06, -1.5371287847606277e-08, 9.982140339999995e-10, ],

[ 2.962115028103183e-09, 1.4441127206639654e-12, -5.613423076187678e-13, 8.512265429537479e-11, -1.467054956628796e-10, -1.977716894899484e-15, 8.295522501080608e-16, 1.1843527351723975e-05, -2.04721003e-06, -1.526292987148091e-08, 9.982140339999997e-10, ],

[ 1.0888284676397751e-11, 1.492554213918711e-13, -2.678107711868458e-13, 7.78548198339096e-11, -1.231063714273635e-10, -2.243808974332577e-15, 8.530424686970908e-16, 2.293858223444721e-05, -2.0472100300000002e-06, -1.2362817146251074e-08, 9.98214034e-10, ],

[ 0.0, 8.794781041195364e-14, -2.996822460793636e-13, 6.549373686428458e-11, -1.5337188036259256e-10, -2.1097071810396613e-15, 9.06987705247303e-16, 2.2942330299999996e-05, -2.04721003e-06, -1.23961136183495e-08, 9.98214034e-10, ],

[ -1.1592319941594352e-10, -1.318170314075739e-13, -1.9890205175364826e-13, 7.482179569491743e-11, -1.51768069986779e-10, -2.3046328532805345e-15, 8.618971533599572e-16, 1.2659522855005267e-05, -2.0472100300000002e-06, -1.6590457645118148e-08, 9.98214034e-10, ],

[ 0.0, 1.4186394739686831e-13, -2.7071197777687767e-13, 7.617864795203137e-11, -1.534696289848722e-10, -2.262067488894682e-15, 8.587638770335029e-16, 2.2942330299999996e-05, -2.0472100300000002e-06, -2.184498956387651e-08, 9.98214034e-10, ],

[ 2.5559779222053213e-09, 1.0298236478797635e-12, -5.146823555780402e-13, 8.379653899637631e-11, -1.4735724300974074e-10, -2.85565764416934e-15, 8.337162788274785e-16, 2.0386428939701623e-05, -1.494741256248731e-06, -1.5433833575603937e-08, 6.529855922336435e-10, ],

[ 2.0302336966100263e-10, 3.982793101619936e-14, -2.4556200379437593e-13, 5.699269955171286e-11, -1.5111632263991788e-10, -2.262546239852348e-15, 6.196366940240473e-16, 3.005256368815773e-05, -2.5377704055994136e-06, -1.6419553940995117e-08, 9.98214034e-10, ],

[ 2.8642689953341184e-09, 1.090802631476195e-12, -3.0219381163327126e-13, 5.3467990843339405e-11, -1.4796850878541944e-10, -1.6277389458162031e-15, 6.571548346925535e-16, 2.0087329736077322e-05, -2.04721003e-06, -1.532155130450967e-08, 8.252217881622921e-10, ],

[ 5.951041735171663e-09, -1.1949260610154376e-12, -5.111321744047107e-14, 4.841142518773472e-11, -1.0539053450818364e-10, -2.2012821229877718e-15, 1.3022566243589371e-15, 2.0770924111609632e-05, -2.04721003e-06, -1.5961269914857502e-08, 1.181393861962447e-09, ],

[ 3.0054022298002727e-10, 9.617383618317634e-14, -2.589435079408609e-13, 7.680562108262599e-11, -1.0714649113179017e-10, -2.250819853062254e-15, 1.1258494276587857e-15, 3.0884652677807326e-05, -2.0472100300000002e-06, -1.6386672830072622e-08, 1.109296486955866e-09, ],

[ -4.245033582803509e-09, 1.0102554871394292e-12, -4.1500243958052973e-13, 9.568275177264824e-11, -1.7189124598062275e-10, -2.3098234992533403e-15, 6.449567511116124e-16, 2.4079999539684546e-05, -2.0472100300000007e-06, -1.7902819223893016e-08, 1.2183535790945245e-09, ],


[3.55158531e+11 3.56027680e+11 6.18126794e+20]
[1.99725850e+11 2.03165031e+11 1.38561438e+21]
[1.95471513e+11 2.00299104e+11 1.91061860e+21]
[1.86043943e+11 1.98617128e+11 4.83641480e+21]
[3.00454885e+11 2.90032978e+11 6.15400956e+21]
[3.09860979e+11 3.25453261e+11 9.90599870e+21]
[7.43815968e+11 7.61555802e+11 2.67050455e+22]
[1.14076077e+12 9.38167415e+11 4.21177043e+23]
[1.86535328e+12 2.47034309e+12 2.62305213e+24]
[3.44923742e+12 5.03962071e+12 1.35005381e+25]
[1.90762758e+12 5.90778232e+12 3.12628490e+25]
[2.06619805e+12 6.16275863e+12 3.37104195e+25]
[6.03820067e+12 8.88702015e+12 4.25192598e+25]
[7.87520906e+12 1.16490468e+13 7.36813739e+25]
[1.03144954e+13 1.34789662e+13 7.52937131e+25]
[1.30398327e+13 1.97338036e+13 2.19385767e+26]
[1.44542842e+13 2.40961726e+13 3.71699204e+26]
[1.10641464e+13 2.55378342e+13 5.29765640e+26]
[1.18200956e+13 2.80838363e+13 6.48987198e+26]
[1.45795553e+13 3.31724418e+13 8.87847464e+26]
