49
[ -6.592972180185579e-11, -1.9510465228606693e-12, -2.923968057889044e-13, 3.217251390611483e-11, -7.154638778162205e-11, -1.977217270371902e-15, 1.6272762965508542e-15, 2.2541180287050764e-05, -2.631105836160539e-06, -8.212833382542587e-09, 1.165575947597691e-09, ],

85
[ 1.1545033671253255e-08, -1.6184009307067586e-12, -3.1606739552798644e-11, 5.59835283879149e-11, -2.2293045176183976e-10, -1.7583591957363527e-15, 6.364922171167193e-16, 1.6083190252155923e-05, -2.465531227983224e-06, -1.05039129345849e-08, 1.1236318782283366e-09, ]

32 --- gen7
[ -9.653049801615194e-09, -5.085084080939686e-13, -5.193227542834144e-10, 2.2150208996551937e-11, -7.153939837526577e-11, -1.2818990188541566e-15, 3.857311573958039e-10, 7.746383356715923e-06, -2.1353914725327557e-06, -2.441545193116338e-09, 8.528722362329383e-10, ]

53
[ 8.462328779042802e-09, -2.1183895471628456e-12, -1.3019547428634166e-10, 7.121618311018114e-12, -2.6972125840148536e-10, -2.6589400789578238e-15, 1.6810918728351284e-15, 1.111154729698145e-05, -2.3921908953902783e-06, -4.909329328234409e-09, 1.0321462776221589e-09, ]

92
[ 8.36200542284309e-09, -2.660422487806175e-12, -1.922363305666129e-10, 4.676193806790093e-12, -3.0928707354486535e-10, -1.2834915198215111e-15, 8.892256943985855e-16, 1.5897083816550435e-05, -2.472745359081215e-06, 2.6746851368637123e-10, 8.969222141186417e-10, ],

69
[ 6.777640198977094e-09, 6.777640198977094e-09, -1.0742963644395987e-12, -1.0742963644395987e-12, -5.1539210501562225e-11, -5.1539210501562225e-11, 4.0667806712409135e-11, 4.0667806712409135e-11, -2.1314359348100904e-10, -2.1314359348100904e-10, -1.732000379639468e-15]

69
[ 9.466560623375734e-09, -1.4487425861042743e-12, -4.248830704478935e-11, 3.033527635517917e-11, -2.8047589746109834e-10, -2.129696285694938e-15, 6.485640082212606e-16, 1.911682507970913e-05, -3.5850466925484995e-06, -5.575180664639156e-09, 1.491807484673436e-09, ]

65
[ 9.466560623375734e-09, -1.4487425861042743e-12, -4.248830704478935e-11, 3.033527635517917e-11, -2.8047589746109834e-10, -2.129696285694938e-15, 6.485640082212606e-16, 1.911682507970913e-05, -3.5850466925484995e-06, -5.575180664639156e-09, 1.491807484673436e-09, ]