------------------------------

Generation 10

Fitness: 

[1.41537187e+11 4.89381158e+10 1.48014147e+11]
[1.71761812e+11 6.76091872e+10 1.87842456e+11]
[3.08826101e+12 7.65933746e+12 9.82112017e+12]
[4.74843230e+12 7.87615736e+12 1.12000600e+13]
[4.77502709e+12 1.00957233e+13 1.34382423e+13]
[9.16753278e+12 1.54230508e+13 2.18403237e+13]
[1.92666798e+13 3.95441931e+13 5.30308690e+13]
[2.96951840e+13 5.21168698e+13 7.29034986e+13]
[4.34633883e+13 7.72871066e+13 1.07711478e+14]
[4.29435011e+13 8.62065275e+13 1.16266978e+14]

After Selection: 

[-1.90806849e-09 -1.01056577e-12 -1.59022445e-10  2.44859309e-12
 -3.86785776e-11 -1.61587882e-16  9.54621041e-10  4.95488507e-06
 -9.61841465e-07 -8.82345160e-10  3.28735904e-10]
[-2.07844938e-09 -1.10450622e-12 -1.62767689e-10  3.83648513e-12
 -3.82058441e-11 -4.72462906e-16  1.11682560e-09  4.06288369e-06
 -9.58238671e-07 -1.96974928e-10  3.27769190e-10]
[-1.94360098e-09 -6.38080582e-13 -5.70897821e-11  2.14844223e-12
 -4.23063697e-11 -6.84170074e-16  3.19197211e-10  6.19771152e-06
 -9.81895975e-07  1.81904928e-10  4.12059465e-10]
[-2.08562558e-09 -7.12498196e-13 -2.51522063e-10  5.96939818e-12
 -3.93484936e-11 -1.54823459e-16  1.07695119e-09  2.93337239e-06
 -1.16789457e-06 -1.09486579e-10  3.28208836e-10]
[-1.29629222e-09 -5.05181139e-13 -3.29007854e-10  2.10481073e-12
 -9.23934350e-12 -6.71409736e-17  1.99157435e-09  3.69529199e-06
 -9.38246650e-07 -1.04642767e-09  4.44154556e-10]
[-2.11217127e-09 -1.54744233e-12 -1.64106067e-10  3.71474160e-12
 -3.74590896e-11 -4.53753281e-16  1.36297873e-09  4.33386252e-06
 -1.33506713e-06 -1.47618332e-10  3.55827090e-10]

Parents selected: 

[array([-1.90806849e-09, -1.01056577e-12, -1.59022445e-10,  2.44859309e-12,
       -3.86785776e-11, -1.61587882e-16,  9.54621041e-10,  4.95488507e-06,
       -9.61841465e-07, -8.82345160e-10,  3.28735904e-10]), array([-2.08562558e-09, -7.12498196e-13, -2.51522063e-10,  5.96939818e-12,
       -3.93484936e-11, -1.54823459e-16,  1.07695119e-09,  2.93337239e-06,
       -1.16789457e-06, -1.09486579e-10,  3.28208836e-10])]
[array([-2.11217127e-09, -1.54744233e-12, -1.64106067e-10,  3.71474160e-12,
       -3.74590896e-11, -4.53753281e-16,  1.36297873e-09,  4.33386252e-06,
       -1.33506713e-06, -1.47618332e-10,  3.55827090e-10]), array([-1.29629222e-09, -5.05181139e-13, -3.29007854e-10,  2.10481073e-12,
       -9.23934350e-12, -6.71409736e-17,  1.99157435e-09,  3.69529199e-06,
       -9.38246650e-07, -1.04642767e-09,  4.44154556e-10])]
[array([-1.29629222e-09, -5.05181139e-13, -3.29007854e-10,  2.10481073e-12,
       -9.23934350e-12, -6.71409736e-17,  1.99157435e-09,  3.69529199e-06,
       -9.38246650e-07, -1.04642767e-09,  4.44154556e-10]), array([-2.08562558e-09, -7.12498196e-13, -2.51522063e-10,  5.96939818e-12,
       -3.93484936e-11, -1.54823459e-16,  1.07695119e-09,  2.93337239e-06,
       -1.16789457e-06, -1.09486579e-10,  3.28208836e-10])]
[array([-1.94360098e-09, -6.38080582e-13, -5.70897821e-11,  2.14844223e-12,
       -4.23063697e-11, -6.84170074e-16,  3.19197211e-10,  6.19771152e-06,
       -9.81895975e-07,  1.81904928e-10,  4.12059465e-10]), array([-2.08562558e-09, -7.12498196e-13, -2.51522063e-10,  5.96939818e-12,
       -3.93484936e-11, -1.54823459e-16,  1.07695119e-09,  2.93337239e-06,
       -1.16789457e-06, -1.09486579e-10,  3.28208836e-10])]

After Crossover: 

[-1.82180496e-09 -1.15537756e-12 -1.14082851e-10  7.84682540e-13
 -2.11267902e-11 -1.74345848e-16  8.95188719e-10  9.59496716e-06
 -6.72556436e-07 -9.17320337e-10  5.53784044e-10]
[-2.17188912e-09 -5.32888651e-13 -2.96461657e-10  1.14621398e-11
 -3.96739626e-11 -1.51537063e-16  1.13638351e-09  1.95124988e-06
 -1.26800247e-06  3.53140202e-10  4.31631969e-10]
[-1.97517439e-09 -1.37243289e-12 -1.91795259e-10  2.32580228e-12
 -1.58636190e-11 -3.02323894e-16  1.46852825e-09  6.59497212e-06
 -1.60873316e-06 -2.13178358e-10  4.23004858e-10]
[-1.25320767e-09 -1.01242788e-12 -4.77905026e-10  2.92591756e-12
 -1.39778123e-11 -1.32058296e-16  8.49314784e-10  5.46434037e-06
 -1.29452410e-06 -1.29483089e-09  1.84932468e-10]
[-1.55708085e-09 -4.64506183e-13 -1.86534179e-10  4.21268307e-12
 -1.91871351e-11 -9.61104759e-17  1.68939111e-09  3.44356063e-06
 -1.01412025e-06 -7.36870782e-10  4.59935641e-10]
[-1.82483696e-09 -6.44002511e-13 -2.24940881e-10  4.69257335e-12
 -2.94007020e-11 -1.37704704e-16  1.37913443e-09  4.81063081e-06
 -6.93557337e-07 -4.66285379e-10  3.66516256e-10]
[-1.96318587e-09 -4.18551078e-13 -1.12765981e-10  2.67534387e-12
 -6.54998241e-11 -6.11174310e-16  5.02431298e-10  5.74756615e-06
 -8.86783738e-07  9.91355889e-11  4.00496643e-10]
[-1.11397733e-09 -7.02236167e-13 -8.15295436e-11  7.48695724e-12
 -3.15429153e-11 -2.23374339e-16  9.72458539e-10  5.06700124e-06
 -1.14224576e-06 -4.64064261e-11  3.39771658e-10]

After Mutation: 

[-1.82180496e-09 -1.15537756e-12 -1.14082851e-10  7.84682540e-13
 -2.11267902e-11 -1.74345848e-16  8.95188719e-10  9.59496716e-06
 -6.72556436e-07 -9.17320337e-10  5.53784044e-10]
[-2.17188912e-09 -5.32888651e-13 -2.96461657e-10  1.14621398e-11
 -3.96739626e-11 -1.51537063e-16  1.13638351e-09  1.95124988e-06
 -1.26800247e-06  3.53140202e-10  4.31631969e-10]
[-1.97517439e-09 -1.37243289e-12 -1.91795259e-10  2.32580228e-12
 -1.58636190e-11 -3.02323894e-16  1.46852825e-09  6.59497212e-06
 -1.60873316e-06 -2.13178358e-10  4.23004858e-10]
[-1.25320767e-09 -1.01242788e-12 -4.77905026e-10  2.92591756e-12
 -1.39778123e-11 -1.32058296e-16  8.49314784e-10  5.46434037e-06
 -1.29452410e-06 -1.29483089e-09  1.84932468e-10]
[-1.55708085e-09 -4.64506183e-13 -1.86534179e-10  4.21268307e-12
 -1.91871351e-11 -9.61104759e-17  1.68939111e-09  3.44356063e-06
 -1.01412025e-06 -7.36870782e-10  4.59935641e-10]
[-1.82483696e-09 -6.44002511e-13 -2.24940881e-10  4.69257335e-12
 -2.94007020e-11 -1.37704704e-16  1.37913443e-09  4.81063081e-06
 -6.93557337e-07 -4.66285379e-10  3.66516256e-10]
[-1.96318587e-09 -4.18551078e-13 -1.12765981e-10  2.67534387e-12
 -6.54998241e-11 -6.11174310e-16  5.02431298e-10  5.74756615e-06
 -8.86783738e-07  9.91355889e-11  4.00496643e-10]
[-1.11397733e-09 -7.02236167e-13 -8.15295436e-11  7.48695724e-12
 -3.15429153e-11 -2.23374339e-16  9.72458539e-10  5.06700124e-06
 -1.14224576e-06 -4.64064261e-11  3.39771658e-10]

 New Generation:

[ -1.908068490415351e-09, -1.0105657652151777e-12, -1.5902244489353608e-10, 2.4485930926939046e-12, -3.8678577559804666e-11, -1.6158788210439386e-16, 9.546210412582385e-10, 4.954885066859329e-06, -9.618414654424163e-07, -8.823451601417064e-10, 3.2873590386967103e-10, ]
[ -2.0784493761952042e-09, -1.1045062164684007e-12, -1.627676894109748e-10, 3.836485132883072e-12, -3.820584405720038e-11, -4.724629062779285e-16, 1.1168256024540422e-09, 4.06288369219631e-06, -9.582386706446794e-07, -1.969749284557409e-10, 3.2776919046253304e-10, ]
[ -2.1718891152903655e-09, -5.328886513977454e-13, -2.9646165685139865e-10, 1.1462139816899661e-11, -3.9673962571105596e-11, -1.5153706289602354e-16, 1.1363835109544418e-09, 1.951249883027378e-06, -1.2680024727350523e-06, 3.5314020215393535e-10, 4.316319688248871e-10, ]
[ -1.1139773264083708e-09, -7.022361665435834e-13, -8.152954355700386e-11, 7.486957242904632e-12, -3.154291527246337e-11, -2.2337433855372705e-16, 9.724585391471159e-10, 5.067001236816525e-06, -1.1422457627181338e-06, -4.6406426075678873e-11, 3.397716584237516e-10, ]
[ -1.557080845369662e-09, -4.645061834240841e-13, -1.8653417896715296e-10, 4.212683065973173e-12, -1.9187135094963776e-11, -9.611047590258143e-17, 1.6893911103943065e-09, 3.4435606294393053e-06, -1.0141202513672606e-06, -7.368707818966498e-10, 4.599356411383341e-10, ]
[ -1.9631858650041642e-09, -4.185510776905656e-13, -1.1276598136818256e-10, 2.6753438703587934e-12, -6.549982409039322e-11, -6.111743102992063e-16, 5.024312975738306e-10, 5.747566151229587e-06, -8.867837378400834e-07, 9.913558886646719e-11, 4.004966434027374e-10, ]
[ -1.8248369622269728e-09, -6.440025105586805e-13, -2.2494088111558173e-10, 4.692573346405209e-12, -2.9400702011291146e-11, -1.3770470443309274e-16, 1.3791344322425334e-09, 4.810630811321306e-06, -6.935573369652107e-07, -4.662853787513974e-10, 3.6651625638758515e-10, ]
[ -1.975174386528259e-09, -1.3724328889948554e-12, -1.917952587903608e-10, 2.3258022807903775e-12, -1.5863619036230164e-11, -3.0232389434807035e-16, 1.4685282498441624e-09, 6.59497212199788e-06, -1.6087331603851621e-06, -2.1317835832066249e-10, 4.230048584824955e-10, ]
[ -1.2532076696253867e-09, -1.0124278787610718e-12, -4.779050255998762e-10, 2.9259175562450665e-12, -1.397781227367691e-11, -1.3205829550856135e-16, 8.493147843497862e-10, 5.464340369279082e-06, -1.2945241024889045e-06, -1.29483088625965e-09, 1.8493246808411833e-10, ]
[ -1.8218049600907202e-09, -1.155377555766857e-12, -1.140828514324969e-10, 7.846825399160668e-13, -2.1126790171434365e-11, -1.7434584778986955e-16, 8.951887193010511e-10, 9.594967160161782e-06, -6.725564355570011e-07, -9.173203371027706e-10, 5.537840443054196e-10, ]




