------------------------------

Generation 8

Fitness: 

[1.41537187e+11 4.89381158e+10 1.48014147e+11]
[1.71761812e+11 6.76091872e+10 1.87842456e+11]
[1.58120435e+11 4.26871346e+11 5.37555651e+11]
[1.02706970e+12 1.38704984e+12 2.10599863e+12]
[2.56394960e+12 3.80155857e+12 5.59632329e+12]
[6.78395498e+12 1.04120513e+13 1.51608198e+13]
[5.74049002e+12 1.25161283e+13 1.65344713e+13]
[1.77705742e+13 3.08712062e+13 4.33106081e+13]
[2.10135445e+13 4.52414539e+13 5.99509351e+13]
[3.08705849e+13 5.57879657e+13 7.73973751e+13]

After Selection: 

[-1.90806849e-09 -1.01056577e-12 -1.59022445e-10  2.44859309e-12
 -3.86785776e-11 -1.61587882e-16  9.54621041e-10  4.95488507e-06
 -9.61841465e-07 -8.82345160e-10  3.28735904e-10]
[-2.07844938e-09 -1.10450622e-12 -1.62767689e-10  3.83648513e-12
 -3.82058441e-11 -4.72462906e-16  1.11682560e-09  4.06288369e-06
 -9.58238671e-07 -1.96974928e-10  3.27769190e-10]
[-1.77122664e-09 -6.14065143e-13 -8.73191863e-11  1.88480433e-12
 -1.68946077e-11  8.80921998e-17  9.19546141e-10  1.08983515e-05
 -7.45617134e-07 -9.44327772e-10  1.98858004e-10]
[-1.91247599e-09 -1.45271720e-12 -8.80855218e-11  1.26209793e-12
 -4.49780199e-11  3.30720237e-16  6.63588695e-10  8.41768531e-06
 -7.77776407e-07 -1.65396527e-09  1.90817156e-10]
[-1.96377953e-09 -1.83047827e-12 -2.23379755e-10  1.71555442e-12
 -2.51964113e-11 -1.46516903e-16  1.72236249e-09  3.35491661e-06
 -9.30212070e-07 -6.31601766e-10  2.62022544e-10]
[-2.22904268e-09 -7.08256196e-13 -1.92119522e-10  9.90803047e-12
 -3.68972382e-11 -7.13955498e-16  2.11241677e-09  2.19098888e-06
 -9.53223044e-07  5.13246560e-10  2.25774243e-10]

Parents selected: 

[array([-2.22904268e-09, -7.08256196e-13, -1.92119522e-10,  9.90803047e-12,
       -3.68972382e-11, -7.13955498e-16,  2.11241677e-09,  2.19098888e-06,
       -9.53223044e-07,  5.13246560e-10,  2.25774243e-10]), array([-1.77122664e-09, -6.14065143e-13, -8.73191863e-11,  1.88480433e-12,
       -1.68946077e-11,  8.80921998e-17,  9.19546141e-10,  1.08983515e-05,
       -7.45617134e-07, -9.44327772e-10,  1.98858004e-10])]
[array([-1.91247599e-09, -1.45271720e-12, -8.80855218e-11,  1.26209793e-12,
       -4.49780199e-11,  3.30720237e-16,  6.63588695e-10,  8.41768531e-06,
       -7.77776407e-07, -1.65396527e-09,  1.90817156e-10]), array([-2.07844938e-09, -1.10450622e-12, -1.62767689e-10,  3.83648513e-12,
       -3.82058441e-11, -4.72462906e-16,  1.11682560e-09,  4.06288369e-06,
       -9.58238671e-07, -1.96974928e-10,  3.27769190e-10])]
[array([-1.90806849e-09, -1.01056577e-12, -1.59022445e-10,  2.44859309e-12,
       -3.86785776e-11, -1.61587882e-16,  9.54621041e-10,  4.95488507e-06,
       -9.61841465e-07, -8.82345160e-10,  3.28735904e-10]), array([-1.96377953e-09, -1.83047827e-12, -2.23379755e-10,  1.71555442e-12,
       -2.51964113e-11, -1.46516903e-16,  1.72236249e-09,  3.35491661e-06,
       -9.30212070e-07, -6.31601766e-10,  2.62022544e-10])]
[array([-1.96377953e-09, -1.83047827e-12, -2.23379755e-10,  1.71555442e-12,
       -2.51964113e-11, -1.46516903e-16,  1.72236249e-09,  3.35491661e-06,
       -9.30212070e-07, -6.31601766e-10,  2.62022544e-10]), array([-2.07844938e-09, -1.10450622e-12, -1.62767689e-10,  3.83648513e-12,
       -3.82058441e-11, -4.72462906e-16,  1.11682560e-09,  4.06288369e-06,
       -9.58238671e-07, -1.96974928e-10,  3.27769190e-10])]

After Crossover: 

[-2.30620712e-09 -7.24132005e-13 -3.39969324e-10  1.48081295e-11
 -2.19866666e-11 -4.36589903e-16  2.31347393e-09  2.74487125e-07
 -9.78836255e-07  2.98369440e-10  3.07945836e-10]
[-2.42441201e-09 -4.88972899e-13 -1.15519745e-10  5.32497519e-13
 -1.75172510e-11  2.23276544e-16  8.75326380e-10  1.23659688e-05
 -8.21474459e-07 -1.25994278e-09  1.21119782e-10]
[-2.83932353e-09 -1.48880325e-12 -3.53078699e-11  9.95307222e-13
 -3.54109449e-11  4.13956279e-16  3.83383779e-10  9.21412545e-06
 -1.22824499e-06 -6.72915336e-10  2.45855423e-10]
[-2.80113259e-09 -4.95662786e-13 -1.70507205e-10  4.10327584e-12
 -6.10301381e-11 -2.50383225e-16  1.16379577e-09  4.44837704e-06
 -9.76940463e-07 -4.59830772e-11  2.56414104e-10]
[-1.92819682e-09 -1.30679915e-12 -2.62597166e-10  2.18374711e-12
 -1.42815100e-11 -1.56142756e-16  1.95169994e-09  5.05863864e-06
 -9.50413803e-07 -7.91751877e-10  3.18564063e-10]
[-1.26961749e-09 -4.84667253e-13 -1.58759792e-10  1.98040040e-12
 -3.00675015e-11 -1.51962030e-16  1.44497844e-09  3.93298326e-06
 -9.41639732e-07 -1.16084628e-09  2.86125999e-10]
[-1.93570780e-09 -3.27779882e-12 -1.97216215e-10  1.22081101e-12
 -2.20116394e-11 -6.72031206e-17  1.02699473e-09  2.81235913e-06
 -9.23351023e-07 -7.38000511e-10  3.20376519e-10]
[-1.93463161e-09 -9.26784758e-13 -1.04516471e-10  4.35569920e-12
 -4.13906159e-11 -5.52256059e-16  9.68587253e-10  5.88398819e-06
 -9.65099718e-07 -8.67408551e-11  3.43864287e-10]

After Mutation: 

[-2.30620712e-09 -7.24132005e-13 -3.39969324e-10  1.48081295e-11
 -2.19866666e-11 -4.36589903e-16  2.31347393e-09  2.74487125e-07
 -9.78836255e-07  2.98369440e-10  3.07945836e-10]
[-2.42441201e-09 -4.88972899e-13 -1.15519745e-10  5.32497519e-13
 -1.75172510e-11  2.23276544e-16  8.75326380e-10  1.23659688e-05
 -8.21474459e-07 -1.25994278e-09  1.21119782e-10]
[-2.83932353e-09 -1.48880325e-12 -3.53078699e-11  9.95307222e-13
 -3.54109449e-11  4.13956279e-16  3.83383779e-10  9.21412545e-06
 -1.22824499e-06 -6.72915336e-10  2.45855423e-10]
[-2.80113259e-09 -4.95662786e-13 -1.70507205e-10  4.10327584e-12
 -6.10301381e-11 -2.50383225e-16  1.16379577e-09  4.44837704e-06
 -9.76940463e-07 -4.59830772e-11  2.56414104e-10]
[-1.92819682e-09 -1.30679915e-12 -2.62597166e-10  2.18374711e-12
 -1.42815100e-11 -1.56142756e-16  1.95169994e-09  5.05863864e-06
 -9.50413803e-07 -7.91751877e-10  3.18564063e-10]
[-1.26961749e-09 -4.84667253e-13 -1.58759792e-10  1.98040040e-12
 -3.00675015e-11 -1.51962030e-16  1.44497844e-09  3.93298326e-06
 -9.41639732e-07 -1.16084628e-09  2.86125999e-10]
[-1.93570780e-09 -3.27779882e-12 -1.97216215e-10  1.22081101e-12
 -2.20116394e-11 -6.72031206e-17  1.02699473e-09  2.81235913e-06
 -9.23351023e-07 -7.38000511e-10  3.20376519e-10]
[-1.93463161e-09 -9.26784758e-13 -1.04516471e-10  4.35569920e-12
 -4.13906159e-11 -5.52256059e-16  9.68587253e-10  5.88398819e-06
 -9.65099718e-07 -8.67408551e-11  3.43864287e-10]

 New Generation:

[ -1.908068490415351e-09, -1.0105657652151777e-12, -1.5902244489353608e-10, 2.4485930926939046e-12, -3.8678577559804666e-11, -1.6158788210439386e-16, 9.546210412582385e-10, 4.954885066859329e-06, -9.618414654424163e-07, -8.823451601417064e-10, 3.2873590386967103e-10, ]
[ -2.0784493761952042e-09, -1.1045062164684007e-12, -1.627676894109748e-10, 3.836485132883072e-12, -3.820584405720038e-11, -4.724629062779285e-16, 1.1168256024540422e-09, 4.06288369219631e-06, -9.582386706446794e-07, -1.969749284557409e-10, 3.2776919046253304e-10, ]
[ -1.928196820099496e-09, -1.306799154205538e-12, -2.6259716638047515e-10, 2.1837471147379632e-12, -1.4281510013173928e-11, -1.5614275582492322e-16, 1.9516999401827973e-09, 5.058638644108337e-06, -9.504138033488302e-07, -7.917518774078421e-10, 3.1856406288791207e-10, ]
[ -1.935707795322964e-09, -3.277798816166926e-12, -1.972162151507694e-10, 1.2208110077816534e-12, -2.2011639397481177e-11, -6.720312060489008e-17, 1.026994728421524e-09, 2.81235913327932e-06, -9.233510228063775e-07, -7.380005110452382e-10, 3.2037651924548937e-10, ]
[ -1.934631606175437e-09, -9.267847576571319e-13, -1.0451647065278263e-10, 4.3556991956371026e-12, -4.139061592330346e-11, -5.522560591902351e-16, 9.68587253207675e-10, 5.883988187840716e-06, -9.650997176454194e-07, -8.674085506469525e-11, 3.4386428659651747e-10, ]
[ -1.2696174937081386e-09, -4.84667252854904e-13, -1.5875979195959844e-10, 1.980400400921616e-12, -3.006750151454051e-11, -1.519620295636032e-16, 1.4449784400035964e-09, 3.932983261720055e-06, -9.416397319007035e-07, -1.1608462775718384e-09, 2.861259993073351e-10, ]
[ -2.306207118351888e-09, -7.241320046861645e-13, -3.399693243591798e-10, 1.4808129457542817e-11, -2.198666658325581e-11, -4.3658990312154457e-16, 2.313473930366427e-09, 2.744871253256452e-07, -9.788362554972875e-07, 2.9836944019505023e-10, 3.0794583600408835e-10, ]
[ -2.8011325875280096e-09, -4.956627855850324e-13, -1.7050720450395718e-10, 4.103275843902523e-12, -6.103013811551192e-11, -2.503832254818257e-16, 1.163795769502589e-09, 4.448377037795758e-06, -9.769404632586223e-07, -4.59830771734349e-11, 2.5641410363608725e-10, ]
[ -2.42441201351449e-09, -4.889728993489622e-13, -1.1551974535225828e-10, 5.324975185267374e-13, -1.751725102970154e-11, 2.232765436736706e-16, 8.753263804291248e-10, 1.2365968841304213e-05, -8.214744585242075e-07, -1.2599427786091532e-09, 1.2111978150787937e-10, ]
[ -2.8393235293656053e-09, -1.4888032513895351e-12, -3.530786988810874e-11, 9.953072223998015e-13, -3.541094492487553e-11, 4.1395627886807454e-16, 3.833837794049913e-10, 9.214125445703887e-06, -1.2282449921946517e-06, -6.72915335866567e-10, 2.458554229672997e-10, ]




