------------------------------

Generation 9

Fitness: 

[1.41537187e+11 4.89381158e+10 1.48014147e+11]
[1.71761812e+11 6.76091872e+10 1.87842456e+11]
[1.72398158e+11 7.46373252e+10 1.95316036e+11]
[2.42215067e+11 1.18138940e+11 2.87689486e+11]
[1.98760218e+11 7.10516901e+11 8.49649054e+11]
[1.75583433e+12 2.44079537e+12 3.66987940e+12]
[1.94490642e+12 2.62934170e+12 3.99077620e+12]
[3.02255339e+12 4.49049553e+12 6.60628290e+12]
[4.21149184e+12 6.49267935e+12 9.44072364e+12]
[1.07423284e+13 1.90223703e+13 2.65420002e+13]

After Selection: 

[-1.90806849e-09 -1.01056577e-12 -1.59022445e-10  2.44859309e-12
 -3.86785776e-11 -1.61587882e-16  9.54621041e-10  4.95488507e-06
 -9.61841465e-07 -8.82345160e-10  3.28735904e-10]
[-2.07844938e-09 -1.10450622e-12 -1.62767689e-10  3.83648513e-12
 -3.82058441e-11 -4.72462906e-16  1.11682560e-09  4.06288369e-06
 -9.58238671e-07 -1.96974928e-10  3.27769190e-10]
[-1.92819682e-09 -1.30679915e-12 -2.62597166e-10  2.18374711e-12
 -1.42815100e-11 -1.56142756e-16  1.95169994e-09  5.05863864e-06
 -9.50413803e-07 -7.91751877e-10  3.18564063e-10]
[-1.93570780e-09 -3.27779882e-12 -1.97216215e-10  1.22081101e-12
 -2.20116394e-11 -6.72031206e-17  1.02699473e-09  2.81235913e-06
 -9.23351023e-07 -7.38000511e-10  3.20376519e-10]
[-1.93463161e-09 -9.26784758e-13 -1.04516471e-10  4.35569920e-12
 -4.13906159e-11 -5.52256059e-16  9.68587253e-10  5.88398819e-06
 -9.65099718e-07 -8.67408551e-11  3.43864287e-10]
[-1.26961749e-09 -4.84667253e-13 -1.58759792e-10  1.98040040e-12
 -3.00675015e-11 -1.51962030e-16  1.44497844e-09  3.93298326e-06
 -9.41639732e-07 -1.16084628e-09  2.86125999e-10]

Parents selected: 

[array([-1.92819682e-09, -1.30679915e-12, -2.62597166e-10,  2.18374711e-12,
       -1.42815100e-11, -1.56142756e-16,  1.95169994e-09,  5.05863864e-06,
       -9.50413803e-07, -7.91751877e-10,  3.18564063e-10]), array([-2.07844938e-09, -1.10450622e-12, -1.62767689e-10,  3.83648513e-12,
       -3.82058441e-11, -4.72462906e-16,  1.11682560e-09,  4.06288369e-06,
       -9.58238671e-07, -1.96974928e-10,  3.27769190e-10])]
[array([-2.07844938e-09, -1.10450622e-12, -1.62767689e-10,  3.83648513e-12,
       -3.82058441e-11, -4.72462906e-16,  1.11682560e-09,  4.06288369e-06,
       -9.58238671e-07, -1.96974928e-10,  3.27769190e-10]), array([-1.90806849e-09, -1.01056577e-12, -1.59022445e-10,  2.44859309e-12,
       -3.86785776e-11, -1.61587882e-16,  9.54621041e-10,  4.95488507e-06,
       -9.61841465e-07, -8.82345160e-10,  3.28735904e-10])]
[array([-1.90806849e-09, -1.01056577e-12, -1.59022445e-10,  2.44859309e-12,
       -3.86785776e-11, -1.61587882e-16,  9.54621041e-10,  4.95488507e-06,
       -9.61841465e-07, -8.82345160e-10,  3.28735904e-10]), array([-1.93463161e-09, -9.26784758e-13, -1.04516471e-10,  4.35569920e-12,
       -4.13906159e-11, -5.52256059e-16,  9.68587253e-10,  5.88398819e-06,
       -9.65099718e-07, -8.67408551e-11,  3.43864287e-10])]
[array([-1.93463161e-09, -9.26784758e-13, -1.04516471e-10,  4.35569920e-12,
       -4.13906159e-11, -5.52256059e-16,  9.68587253e-10,  5.88398819e-06,
       -9.65099718e-07, -8.67408551e-11,  3.43864287e-10]), array([-2.07844938e-09, -1.10450622e-12, -1.62767689e-10,  3.83648513e-12,
       -3.82058441e-11, -4.72462906e-16,  1.11682560e-09,  4.06288369e-06,
       -9.58238671e-07, -1.96974928e-10,  3.27769190e-10])]

After Crossover: 

[-1.29629222e-09 -5.05181139e-13 -3.29007854e-10  2.10481073e-12
 -9.23934350e-12 -6.71409736e-17  1.99157435e-09  3.69529199e-06
 -9.38246650e-07 -1.04642767e-09  4.44154556e-10]
[-2.08562558e-09 -7.12498196e-13 -2.51522063e-10  5.96939818e-12
 -3.93484936e-11 -1.54823459e-16  1.07695119e-09  2.93337239e-06
 -1.16789457e-06 -1.09486579e-10  3.28208836e-10]
[-2.08416524e-09 -1.10765769e-12 -1.77724632e-10  1.62032012e-12
 -3.81899850e-11 -4.82892007e-16  4.21922598e-10  5.87005706e-06
 -1.25975723e-06 -1.73982424e-10  1.44535441e-10]
[-1.90235263e-09 -7.14138400e-13 -1.06053597e-10  3.84241225e-12
 -3.91375703e-11 -1.68405539e-16  4.90849809e-10  6.82725512e-06
 -9.61962330e-07 -9.05337664e-10  5.31451110e-10]
[-3.06248263e-09 -1.04637025e-12 -7.74123972e-11  1.80463477e-12
 -3.77628238e-11 -4.33927533e-17  4.77232594e-10  4.64116173e-06
 -3.79550431e-07 -1.15099094e-09  4.04631941e-10]
[-1.94360098e-09 -6.38080582e-13 -5.70897821e-11  2.14844223e-12
 -4.23063697e-11 -6.84170074e-16  3.19197211e-10  6.19771152e-06
 -9.81895975e-07  1.81904928e-10  4.12059465e-10]
[-1.90090971e-09 -9.44307752e-13 -9.08579241e-11  4.47744273e-12
 -4.28004611e-11 -5.70965685e-16  4.49894648e-10  7.97904192e-06
 -1.63308589e-06 -6.08935466e-11  3.39618655e-10]
[-2.11217127e-09 -1.54744233e-12 -1.64106067e-10  3.71474160e-12
 -3.74590896e-11 -4.53753281e-16  1.36297873e-09  4.33386252e-06
 -1.33506713e-06 -1.47618332e-10  3.55827090e-10]

After Mutation: 

[-1.29629222e-09 -5.05181139e-13 -3.29007854e-10  2.10481073e-12
 -9.23934350e-12 -6.71409736e-17  1.99157435e-09  3.69529199e-06
 -9.38246650e-07 -1.04642767e-09  4.44154556e-10]
[-2.08562558e-09 -7.12498196e-13 -2.51522063e-10  5.96939818e-12
 -3.93484936e-11 -1.54823459e-16  1.07695119e-09  2.93337239e-06
 -1.16789457e-06 -1.09486579e-10  3.28208836e-10]
[-2.08416524e-09 -1.10765769e-12 -1.77724632e-10  1.62032012e-12
 -3.81899850e-11 -4.82892007e-16  4.21922598e-10  5.87005706e-06
 -1.25975723e-06 -1.73982424e-10  1.44535441e-10]
[-1.90235263e-09 -7.14138400e-13 -1.06053597e-10  3.84241225e-12
 -3.91375703e-11 -1.68405539e-16  4.90849809e-10  6.82725512e-06
 -9.61962330e-07 -9.05337664e-10  5.31451110e-10]
[-3.06248263e-09 -1.04637025e-12 -7.74123972e-11  1.80463477e-12
 -3.77628238e-11 -4.33927533e-17  4.77232594e-10  4.64116173e-06
 -3.79550431e-07 -1.15099094e-09  4.04631941e-10]
[-1.94360098e-09 -6.38080582e-13 -5.70897821e-11  2.14844223e-12
 -4.23063697e-11 -6.84170074e-16  3.19197211e-10  6.19771152e-06
 -9.81895975e-07  1.81904928e-10  4.12059465e-10]
[-1.90090971e-09 -9.44307752e-13 -9.08579241e-11  4.47744273e-12
 -4.28004611e-11 -5.70965685e-16  4.49894648e-10  7.97904192e-06
 -1.63308589e-06 -6.08935466e-11  3.39618655e-10]
[-2.11217127e-09 -1.54744233e-12 -1.64106067e-10  3.71474160e-12
 -3.74590896e-11 -4.53753281e-16  1.36297873e-09  4.33386252e-06
 -1.33506713e-06 -1.47618332e-10  3.55827090e-10]

 New Generation:

[ -1.908068490415351e-09, -1.0105657652151777e-12, -1.5902244489353608e-10, 2.4485930926939046e-12, -3.8678577559804666e-11, -1.6158788210439386e-16, 9.546210412582385e-10, 4.954885066859329e-06, -9.618414654424163e-07, -8.823451601417064e-10, 3.2873590386967103e-10, ]
[ -2.0784493761952042e-09, -1.1045062164684007e-12, -1.627676894109748e-10, 3.836485132883072e-12, -3.820584405720038e-11, -4.724629062779285e-16, 1.1168256024540422e-09, 4.06288369219631e-06, -9.582386706446794e-07, -1.969749284557409e-10, 3.2776919046253304e-10, ]
[ -1.9436009757237484e-09, -6.380805817269473e-13, -5.708978214792264e-11, 2.1484422333120182e-12, -4.230636972760566e-11, -6.841700741987207e-16, 3.191972108593339e-10, 6.1977115219494966e-06, -9.818959751553187e-07, 1.819049277160294e-10, 4.120594654840364e-10, ]
[ -2.0856255849657345e-09, -7.124981961018712e-13, -2.5152206339035944e-10, 5.969398177411347e-12, -3.93484936084431e-11, -1.5482345927985207e-16, 1.0769511889972542e-09, 2.9333723948187414e-06, -1.1678945704460635e-06, -1.094865788498615e-10, 3.2820883634245254e-10, ]
[ -1.2962922226309003e-09, -5.051811390637068e-13, -3.290078544952559e-10, 2.1048107334251126e-12, -9.239343497811824e-12, -6.714097356008571e-17, 1.9915743536395857e-09, 3.695291991189113e-06, -9.382466499843403e-07, -1.0464276651335656e-09, 4.4415455647797704e-10, ]
[ -2.1121712749590857e-09, -1.547442334735309e-12, -1.641060666672788e-10, 3.714741595498444e-12, -3.7459089644028585e-11, -4.537532807275536e-16, 1.3629787266184002e-09, 4.333862522096759e-06, -1.335067134087716e-06, -1.476183321025637e-10, 3.558270897399117e-10, ]
[ -1.902352626087719e-09, -7.141383995288931e-13, -1.0605359703500378e-10, 3.8424122451611845e-12, -3.9137570262605675e-11, -1.6840553903833677e-16, 4.908498094080485e-10, 6.827255117480615e-06, -9.619623304453767e-07, -9.053376644979543e-10, 5.314511103567955e-10, ]
[ -1.9009097074115545e-09, -9.443077521626921e-13, -9.085792413543287e-11, 4.477442733021729e-12, -4.280046111711612e-11, -5.709656847406098e-16, 4.498946475288996e-10, 7.979041922967784e-06, -1.6330858892815997e-06, -6.089354660822115e-11, 3.3961865459309064e-10, ]
[ -2.084165240522836e-09, -1.1076576901315542e-12, -1.7772463178274977e-10, 1.6203201180673268e-12, -3.818998499794239e-11, -4.828920072471603e-16, 4.2192259847115684e-10, 5.870057059612649e-06, -1.2597572327326666e-06, -1.7398242409949303e-10, 1.4453544138562925e-10, ]
[ -3.0624826274865256e-09, -1.0463702483342744e-12, -7.741239715816391e-11, 1.804634772456458e-12, -3.776282375550245e-11, -4.3392753270852066e-17, 4.772325940698581e-10, 4.641161732750548e-06, -3.795504307534895e-07, -1.1509909429224308e-09, 4.0463194112252435e-10, ]




