------------------------------

Generation 3

Fitness: 

[1.41537187e+11 4.89381158e+10 1.48014147e+11]
[1.78109765e+11 7.56568759e+10 2.00333711e+11]
[1.19984355e+12 3.02267073e+12 3.86256121e+12]
[2.27032080e+12 5.18429394e+12 6.77351850e+12]
[4.80092273e+12 6.96360336e+12 1.03242493e+13]
[6.03598393e+12 1.27167628e+13 1.69419515e+13]
[1.30569774e+13 2.22090483e+13 3.13489325e+13]
[1.59334565e+13 2.81080041e+13 3.92614237e+13]
[2.73771957e+13 4.67796330e+13 6.59436700e+13]
[2.70686740e+13 4.78491888e+13 6.67972605e+13]

After Selection: 

[-1.90806849e-09 -1.01056577e-12 -1.59022445e-10  2.44859309e-12
 -3.86785776e-11 -1.61587882e-16  9.54621041e-10  4.95488507e-06
 -9.61841465e-07 -8.82345160e-10  3.28735904e-10]
[-1.93705698e-09 -6.70999201e-13 -1.63831357e-10  2.46025902e-12
 -3.84755666e-11 -4.80180155e-16  9.43542023e-10  4.94160097e-06
 -9.61024282e-07 -5.74806249e-10  3.28861841e-10]
[-1.93053689e-09 -6.70714647e-13 -2.60764858e-10  2.49228928e-12
 -2.54667678e-11 -3.38259194e-16  1.24758552e-09  4.12369470e-06
 -8.20445690e-07 -2.80234023e-10  3.28820734e-10]
[-2.19138070e-09 -1.06724084e-12 -1.56440882e-10  1.97965241e-12
 -4.35637027e-11 -6.95440387e-16  7.19514693e-10  8.72916824e-07
 -7.43837629e-07 -7.64405587e-10  3.59983283e-10]
[-2.67648231e-09 -8.84050145e-13 -1.03747452e-10  1.43566593e-12
 -3.85251820e-11 -6.18260734e-16  2.23635413e-10  7.45600746e-06
 -9.65379787e-07 -6.87962545e-10  2.27433793e-10]
[-1.32859412e-09 -1.03050592e-12 -6.28932079e-11  3.00036716e-12
 -2.82168825e-11  1.88603906e-16  1.17608851e-09  5.58571818e-06
 -6.75044058e-07 -9.31922358e-10  3.19526652e-10]

Parents selected: 

[array([-1.93053689e-09, -6.70714647e-13, -2.60764858e-10,  2.49228928e-12,
       -2.54667678e-11, -3.38259194e-16,  1.24758552e-09,  4.12369470e-06,
       -8.20445690e-07, -2.80234023e-10,  3.28820734e-10]), array([-2.67648231e-09, -8.84050145e-13, -1.03747452e-10,  1.43566593e-12,
       -3.85251820e-11, -6.18260734e-16,  2.23635413e-10,  7.45600746e-06,
       -9.65379787e-07, -6.87962545e-10,  2.27433793e-10])]
[array([-2.19138070e-09, -1.06724084e-12, -1.56440882e-10,  1.97965241e-12,
       -4.35637027e-11, -6.95440387e-16,  7.19514693e-10,  8.72916824e-07,
       -7.43837629e-07, -7.64405587e-10,  3.59983283e-10]), array([-1.32859412e-09, -1.03050592e-12, -6.28932079e-11,  3.00036716e-12,
       -2.82168825e-11,  1.88603906e-16,  1.17608851e-09,  5.58571818e-06,
       -6.75044058e-07, -9.31922358e-10,  3.19526652e-10])]
[array([-1.90806849e-09, -1.01056577e-12, -1.59022445e-10,  2.44859309e-12,
       -3.86785776e-11, -1.61587882e-16,  9.54621041e-10,  4.95488507e-06,
       -9.61841465e-07, -8.82345160e-10,  3.28735904e-10]), array([-1.93053689e-09, -6.70714647e-13, -2.60764858e-10,  2.49228928e-12,
       -2.54667678e-11, -3.38259194e-16,  1.24758552e-09,  4.12369470e-06,
       -8.20445690e-07, -2.80234023e-10,  3.28820734e-10])]
[array([-1.93705698e-09, -6.70999201e-13, -1.63831357e-10,  2.46025902e-12,
       -3.84755666e-11, -4.80180155e-16,  9.43542023e-10,  4.94160097e-06,
       -9.61024282e-07, -5.74806249e-10,  3.28861841e-10]), array([-1.93053689e-09, -6.70714647e-13, -2.60764858e-10,  2.49228928e-12,
       -2.54667678e-11, -3.38259194e-16,  1.24758552e-09,  4.12369470e-06,
       -8.20445690e-07, -2.80234023e-10,  3.28820734e-10])]

After Crossover: 

[-2.05847847e-09 -4.95064343e-13 -2.33833858e-10  1.12384975e-12
 -3.37934850e-11 -3.86283943e-16  1.07196167e-09  4.69523972e-06
 -6.39590492e-07 -5.46798893e-10  4.96345623e-10]
[-2.54854072e-09 -3.50484756e-13 -1.23779618e-10  1.57080164e-12
 -3.62854548e-11 -5.47164160e-16  3.97832702e-10  6.88446245e-06
 -9.40521268e-07 -9.22696307e-10  2.44823277e-10]
[-1.91993796e-09 -1.45648350e-12 -4.99201435e-11  2.02493564e-12
 -4.28828528e-11 -7.56155384e-16  1.14086633e-09  1.45800047e-06
 -7.40785655e-07 -7.71837340e-10  4.29924439e-10]
[-2.14780266e-09 -1.03213564e-12 -6.70433788e-11  2.95508393e-12
 -1.83627525e-11  1.58654404e-16  1.15583296e-09  5.37663836e-06
 -6.78096032e-07 -3.10627156e-10  2.58938619e-10]
[-2.64667489e-09 -1.01436170e-12 -2.58805851e-10  2.59561102e-12
 -3.88261455e-11 -1.96415334e-16  8.76392052e-10  4.86253600e-06
 -1.57618333e-06 -1.34899109e-09  3.28734956e-10]
[-2.65467512e-09 -6.66918716e-13 -1.35209253e-10  1.26581057e-12
 -2.68261975e-11 -3.31803985e-16  1.25085775e-09  2.67257047e-06
 -1.29592851e-06 -2.73508806e-10  4.61120212e-10]
[-1.66021429e-09 -3.03982733e-13 -2.97018580e-10  3.57574238e-12
 -2.78305713e-11 -2.11422421e-16  1.01397536e-09  4.75212852e-06
 -1.41873460e-06 -5.06566985e-10  3.65747579e-10]
[-1.32937333e-09 -9.04039780e-13 -2.38309683e-10  2.48486929e-12
 -2.84803270e-11 -3.71135959e-16  1.97426193e-09  5.45799140e-06
 -1.23331953e-06 -2.30247654e-10  3.28830257e-10]

After Mutation: 

[-2.05847847e-09 -4.95064343e-13 -2.33833858e-10  1.12384975e-12
 -3.37934850e-11 -3.86283943e-16  1.07196167e-09  4.69523972e-06
 -6.39590492e-07 -5.46798893e-10  4.96345623e-10]
[-2.54854072e-09 -3.50484756e-13 -1.23779618e-10  1.57080164e-12
 -3.62854548e-11 -5.47164160e-16  3.97832702e-10  6.88446245e-06
 -9.40521268e-07 -9.22696307e-10  2.44823277e-10]
[-1.91993796e-09 -1.45648350e-12 -4.99201435e-11  2.02493564e-12
 -4.28828528e-11 -7.56155384e-16  1.14086633e-09  1.45800047e-06
 -7.40785655e-07 -7.71837340e-10  4.29924439e-10]
[-2.14780266e-09 -1.03213564e-12 -6.70433788e-11  2.95508393e-12
 -1.83627525e-11  1.58654404e-16  1.15583296e-09  5.37663836e-06
 -6.78096032e-07 -3.10627156e-10  2.58938619e-10]
[-2.64667489e-09 -1.01436170e-12 -2.58805851e-10  2.59561102e-12
 -3.88261455e-11 -1.96415334e-16  8.76392052e-10  4.86253600e-06
 -1.57618333e-06 -1.34899109e-09  3.28734956e-10]
[-2.65467512e-09 -6.66918716e-13 -1.35209253e-10  1.26581057e-12
 -2.68261975e-11 -3.31803985e-16  1.25085775e-09  2.67257047e-06
 -1.29592851e-06 -2.73508806e-10  4.61120212e-10]
[-1.66021429e-09 -3.03982733e-13 -2.97018580e-10  3.57574238e-12
 -2.78305713e-11 -2.11422421e-16  1.01397536e-09  4.75212852e-06
 -1.41873460e-06 -5.06566985e-10  3.65747579e-10]
[-1.32937333e-09 -9.04039780e-13 -2.38309683e-10  2.48486929e-12
 -2.84803270e-11 -3.71135959e-16  1.97426193e-09  5.45799140e-06
 -1.23331953e-06 -2.30247654e-10  3.28830257e-10]

 New Generation:

[ -1.908068490415351e-09, -1.0105657652151777e-12, -1.5902244489353608e-10, 2.4485930926939046e-12, -3.8678577559804666e-11, -1.6158788210439386e-16, 9.546210412582385e-10, 4.954885066859329e-06, -9.618414654424163e-07, -8.823451601417064e-10, 3.2873590386967103e-10, ]
[ -1.9370569804819366e-09, -6.709992011532944e-13, -1.638313571764157e-10, 2.460259015690219e-12, -3.847556664914995e-11, -4.801801548180586e-16, 9.4354202262542e-10, 4.941600970701166e-06, -9.610242821743537e-07, -5.748062493555154e-10, 3.288618413799509e-10, ]
[ -2.6546751157100676e-09, -6.669187161494571e-13, -1.352092525220306e-10, 1.2658105690606091e-12, -2.6826197538187418e-11, -3.31803985103943e-16, 1.2508577525014461e-09, 2.672570466629965e-06, -1.2959285107453249e-06, -2.735088057342729e-10, 4.611202124129556e-10, ]
[ -2.1478026562903074e-09, -1.0321356377094704e-12, -6.70433788297995e-11, 2.9550839281498095e-12, -1.8362752472981852e-11, 1.5865440403271426e-16, 1.1558329577684146e-09, 5.376638362026054e-06, -6.780960318370694e-07, -3.106271557322531e-10, 2.5893861875316574e-10, ]
[ -2.5485407206894673e-09, -3.5048475585718024e-13, -1.237796182390863e-10, 1.5708016447685664e-12, -3.628545482289763e-11, -5.471641604162194e-16, 3.9783270166977335e-10, 6.8844624515353834e-06, -9.405212683929417e-07, -9.226963068737753e-10, 2.448232772917254e-10, ]
[ -1.3293733305108056e-09, -9.040397804189127e-13, -2.3830968331779657e-10, 2.484869294004123e-12, -2.8480327036065672e-11, -3.7113595912462717e-16, 1.974261931870598e-09, 5.457991396555235e-06, -1.2333195292670082e-06, -2.302476544890078e-10, 3.2883025688915157e-10, ]
[ -1.919937962499283e-09, -1.456483495600136e-12, -4.992014346065827e-11, 2.0249356401981306e-12, -4.2882852754303884e-11, -7.561553837255079e-16, 1.1408663323457064e-09, 1.4580004733488225e-06, -7.407856547111568e-07, -7.718373402714986e-10, 4.299244390739892e-10, ]
[ -1.6602142913168458e-09, -3.039827332292533e-13, -2.970185797672426e-10, 3.5757423793926675e-12, -2.7830571300814336e-11, -2.1142242069500998e-16, 1.0139753574932857e-09, 4.752128519822639e-06, -1.4187346035447526e-06, -5.06566985253482e-10, 3.6574757913646674e-10, ]
[ -2.6466748856526973e-09, -1.0143616964484594e-12, -2.588058511137545e-10, 2.5956110229478387e-12, -3.8826145476400645e-11, -1.9641533439780064e-16, 8.763920524911536e-10, 4.862535995051956e-06, -1.576183327871583e-06, -1.3489910894519478e-09, 3.287349563664348e-10, ]
[ -2.0584784738894435e-09, -4.950643425140622e-13, -2.33833857735487e-10, 1.1238497522267011e-12, -3.3793485000441885e-11, -3.862839428159398e-16, 1.0719616731551962e-09, 4.6952397160724036e-06, -6.395904919834259e-07, -5.467988933724638e-10, 4.963456229015961e-10, ]



