------------------------------

Generation 4

Fitness: 

[1.41537187e+11 4.89381158e+10 1.48014147e+11]
[1.78109765e+11 7.56568759e+10 2.00333711e+11]
[5.48563968e+11 6.91714361e+11 1.07570914e+12]
[1.88454705e+12 4.29657987e+12 5.61576281e+12]
[3.12109490e+12 4.29654933e+12 6.48131576e+12]
[6.09832126e+12 9.86895045e+12 1.41377753e+13]
[9.20295828e+12 1.99702569e+13 2.64123277e+13]
[1.24063771e+13 2.18306562e+13 3.05151202e+13]
[3.68506654e+13 6.75830805e+13 9.33785464e+13]
[3.86909545e+13 7.87895448e+13 1.05873213e+14]

After Selection: 

[-1.90806849e-09 -1.01056577e-12 -1.59022445e-10  2.44859309e-12
 -3.86785776e-11 -1.61587882e-16  9.54621041e-10  4.95488507e-06
 -9.61841465e-07 -8.82345160e-10  3.28735904e-10]
[-1.93705698e-09 -6.70999201e-13 -1.63831357e-10  2.46025902e-12
 -3.84755666e-11 -4.80180155e-16  9.43542023e-10  4.94160097e-06
 -9.61024282e-07 -5.74806249e-10  3.28861841e-10]
[-2.65467512e-09 -6.66918716e-13 -1.35209253e-10  1.26581057e-12
 -2.68261975e-11 -3.31803985e-16  1.25085775e-09  2.67257047e-06
 -1.29592851e-06 -2.73508806e-10  4.61120212e-10]
[-2.14780266e-09 -1.03213564e-12 -6.70433788e-11  2.95508393e-12
 -1.83627525e-11  1.58654404e-16  1.15583296e-09  5.37663836e-06
 -6.78096032e-07 -3.10627156e-10  2.58938619e-10]
[-2.54854072e-09 -3.50484756e-13 -1.23779618e-10  1.57080164e-12
 -3.62854548e-11 -5.47164160e-16  3.97832702e-10  6.88446245e-06
 -9.40521268e-07 -9.22696307e-10  2.44823277e-10]
[-1.32937333e-09 -9.04039780e-13 -2.38309683e-10  2.48486929e-12
 -2.84803270e-11 -3.71135959e-16  1.97426193e-09  5.45799140e-06
 -1.23331953e-06 -2.30247654e-10  3.28830257e-10]

Parents selected: 

[array([-1.93705698e-09, -6.70999201e-13, -1.63831357e-10,  2.46025902e-12,
       -3.84755666e-11, -4.80180155e-16,  9.43542023e-10,  4.94160097e-06,
       -9.61024282e-07, -5.74806249e-10,  3.28861841e-10]), array([-2.54854072e-09, -3.50484756e-13, -1.23779618e-10,  1.57080164e-12,
       -3.62854548e-11, -5.47164160e-16,  3.97832702e-10,  6.88446245e-06,
       -9.40521268e-07, -9.22696307e-10,  2.44823277e-10])]
[array([-2.14780266e-09, -1.03213564e-12, -6.70433788e-11,  2.95508393e-12,
       -1.83627525e-11,  1.58654404e-16,  1.15583296e-09,  5.37663836e-06,
       -6.78096032e-07, -3.10627156e-10,  2.58938619e-10]), array([-2.65467512e-09, -6.66918716e-13, -1.35209253e-10,  1.26581057e-12,
       -2.68261975e-11, -3.31803985e-16,  1.25085775e-09,  2.67257047e-06,
       -1.29592851e-06, -2.73508806e-10,  4.61120212e-10])]
[array([-1.90806849e-09, -1.01056577e-12, -1.59022445e-10,  2.44859309e-12,
       -3.86785776e-11, -1.61587882e-16,  9.54621041e-10,  4.95488507e-06,
       -9.61841465e-07, -8.82345160e-10,  3.28735904e-10]), array([-2.65467512e-09, -6.66918716e-13, -1.35209253e-10,  1.26581057e-12,
       -2.68261975e-11, -3.31803985e-16,  1.25085775e-09,  2.67257047e-06,
       -1.29592851e-06, -2.73508806e-10,  4.61120212e-10])]
[array([-1.90806849e-09, -1.01056577e-12, -1.59022445e-10,  2.44859309e-12,
       -3.86785776e-11, -1.61587882e-16,  9.54621041e-10,  4.95488507e-06,
       -9.61841465e-07, -8.82345160e-10,  3.28735904e-10]), array([-1.93705698e-09, -6.70999201e-13, -1.63831357e-10,  2.46025902e-12,
       -3.84755666e-11, -4.80180155e-16,  9.43542023e-10,  4.94160097e-06,
       -9.61024282e-07, -5.74806249e-10,  3.28861841e-10])]

After Crossover: 

[-2.10589596e-09 -6.97279280e-13 -1.67115337e-10  2.53318868e-12
 -4.85248525e-11 -4.74687906e-16  1.42758745e-09  4.21142763e-06
 -9.62705395e-07 -5.37771197e-10  3.94312758e-10]
[-2.59867837e-09 -1.16540766e-13 -1.70187045e-10  1.91052601e-12
 -3.61058800e-11 -5.17261770e-16  4.04085409e-10  7.04376433e-06
 -9.38840156e-07 -9.51221006e-10  3.78000626e-10]
[-1.66510064e-09 -9.77930607e-13 -9.08112876e-11  2.70436412e-12
 -1.99592939e-11  4.96037153e-17  9.61718488e-10  4.97530404e-06
 -7.69793943e-07 -9.81751202e-11  2.53852098e-10]
[-3.43208380e-09 -7.21123747e-13 -1.25092160e-10  1.51653037e-12
 -2.55700638e-11 -2.59010775e-16  7.77140716e-10  1.08104890e-06
 -1.14545793e-06 -2.23325156e-10  6.26607263e-10]
[-1.87265904e-09 -1.61075615e-12 -1.60151838e-10  1.02782835e-12
 -1.32900935e-11 -1.10969636e-16  9.40571367e-10  5.06312883e-06
 -9.45996656e-07 -1.09007811e-09  4.25667077e-10]
[-2.69008457e-09 -5.37124701e-13 -1.47395158e-10  1.20971452e-12
 -2.62640725e-11 -2.13600442e-16  1.26490743e-09  2.56432670e-06
 -1.84790322e-06 -1.45397143e-10  1.83766481e-10]
[-2.43390700e-09 -4.14232560e-13 -2.21840239e-10  2.44704326e-12
 -2.54788802e-11 -1.10774636e-16  6.58169909e-10  4.20520125e-06
 -7.25063086e-07 -1.03154115e-09  3.28719173e-10]
[-1.38104953e-09 -4.62656609e-13 -1.64470227e-10  2.51104495e-12
 -3.62044095e-11 -6.86392943e-16  9.42070162e-10  4.93983616e-06
 -9.60915718e-07 -6.71507950e-10  4.97003962e-10]

After Mutation: 

[-2.10589596e-09 -6.97279280e-13 -1.67115337e-10  2.53318868e-12
 -4.85248525e-11 -4.74687906e-16  1.42758745e-09  4.21142763e-06
 -9.62705395e-07 -5.37771197e-10  3.94312758e-10]
[-2.59867837e-09 -1.16540766e-13 -1.70187045e-10  1.91052601e-12
 -3.61058800e-11 -5.17261770e-16  4.04085409e-10  7.04376433e-06
 -9.38840156e-07 -9.51221006e-10  3.78000626e-10]
[-1.66510064e-09 -9.77930607e-13 -9.08112876e-11  2.70436412e-12
 -1.99592939e-11  4.96037153e-17  9.61718488e-10  4.97530404e-06
 -7.69793943e-07 -9.81751202e-11  2.53852098e-10]
[-3.43208380e-09 -7.21123747e-13 -1.25092160e-10  1.51653037e-12
 -2.55700638e-11 -2.59010775e-16  7.77140716e-10  1.08104890e-06
 -1.14545793e-06 -2.23325156e-10  6.26607263e-10]
[-1.87265904e-09 -1.61075615e-12 -1.60151838e-10  1.02782835e-12
 -1.32900935e-11 -1.10969636e-16  9.40571367e-10  5.06312883e-06
 -9.45996656e-07 -1.09007811e-09  4.25667077e-10]
[-2.69008457e-09 -5.37124701e-13 -1.47395158e-10  1.20971452e-12
 -2.62640725e-11 -2.13600442e-16  1.26490743e-09  2.56432670e-06
 -1.84790322e-06 -1.45397143e-10  1.83766481e-10]
[-2.43390700e-09 -4.14232560e-13 -2.21840239e-10  2.44704326e-12
 -2.54788802e-11 -1.10774636e-16  6.58169909e-10  4.20520125e-06
 -7.25063086e-07 -1.03154115e-09  3.28719173e-10]
[-1.38104953e-09 -4.62656609e-13 -1.64470227e-10  2.51104495e-12
 -3.62044095e-11 -6.86392943e-16  9.42070162e-10  4.93983616e-06
 -9.60915718e-07 -6.71507950e-10  4.97003962e-10]

 New Generation:

[ -1.908068490415351e-09, -1.0105657652151777e-12, -1.5902244489353608e-10, 2.4485930926939046e-12, -3.8678577559804666e-11, -1.6158788210439386e-16, 9.546210412582385e-10, 4.954885066859329e-06, -9.618414654424163e-07, -8.823451601417064e-10, 3.2873590386967103e-10, ]
[ -1.9370569804819366e-09, -6.709992011532944e-13, -1.638313571764157e-10, 2.460259015690219e-12, -3.847556664914995e-11, -4.801801548180586e-16, 9.4354202262542e-10, 4.941600970701166e-06, -9.610242821743537e-07, -5.748062493555154e-10, 3.288618413799509e-10, ]
[ -1.665100640962363e-09, -9.77930606534047e-13, -9.081128760567421e-11, 2.7043641238698875e-12, -1.9959293928603115e-11, 4.960371529990564e-17, 9.617184878866606e-10, 4.9753040428375585e-06, -7.697939428685767e-07, -9.817512022671885e-11, 2.5385209811362677e-10, ]
[ -2.105895964277345e-09, -6.972792796364407e-13, -1.6711533659795804e-10, 2.5331886756736825e-12, -4.8524852482428904e-11, -4.746879064964304e-16, 1.4275874452030279e-09, 4.211427631248087e-06, -9.627053945835578e-07, -5.37771197003455e-10, 3.9431275774979194e-10, ]
[ -2.598678369459011e-09, -1.165407663400663e-13, -1.7018704467992714e-10, 1.9105260062485188e-12, -3.610588004389632e-11, -5.1726177030482e-16, 4.0408540941418927e-10, 7.043764326840983e-06, -9.388401559837374e-07, -9.512210056799075e-10, 3.7800062583044604e-10, ]
[ -2.4339069953301574e-09, -4.142325604132672e-13, -2.2184023861903775e-10, 2.4470432611514443e-12, -2.5478880229407807e-11, -1.1077463570716912e-16, 6.581699091965272e-10, 4.2052012519792205e-06, -7.250630864107109e-07, -1.0315411497543028e-09, 3.2871917292383226e-10, ]
[ -1.8726590366230503e-09, -1.6107561487977868e-12, -1.6015183767731046e-10, 1.027828345973259e-12, -1.3290093491515582e-11, -1.10969635662936e-16, 9.405713666599068e-10, 5.063128833574384e-06, -9.45996655883447e-07, -1.0900781076406678e-09, 4.256670771825864e-10, ]
[ -1.381049530861964e-09, -4.626566093818034e-13, -1.6447022680921587e-10, 2.5110449497886923e-12, -3.620440949888866e-11, -6.863929427381145e-16, 9.42070162015499e-10, 4.939836162957663e-06, -9.60915718419457e-07, -6.715079500977482e-10, 4.970039619533752e-10, ]
[ -3.432083798561004e-09, -7.211237473248804e-13, -1.2509216021205614e-10, 1.5165303733405311e-12, -2.5570063781702736e-11, -2.59010774537899e-16, 7.771407162855123e-10, 1.0810489016351919e-06, -1.1454579285267214e-06, -2.2332515634536506e-10, 6.266072634723096e-10, ]
[ -2.6900845695023683e-09, -5.371247010847915e-13, -1.4739515802218843e-10, 1.209714518345279e-12, -2.6264072466582844e-11, -2.1360044160821937e-16, 1.2649074270997783e-09, 2.5643266999149113e-06, -1.8479032218211703e-06, -1.4539714307114797e-10, 1.837664806539548e-10, ]



