------------------------------

Generation 5

Fitness: 

[1.41537187e+11 4.89381158e+10 1.48014147e+11]
[1.78109765e+11 7.56568759e+10 2.00333711e+11]
[2.26237090e+11 5.76661917e+11 7.35027880e+11]
[1.02898995e+12 2.69978854e+12 3.42008151e+12]
[1.42369278e+12 3.78373332e+12 4.78031826e+12]
[3.10851695e+12 6.86912304e+12 9.04508491e+12]
[3.70469248e+12 8.11250466e+12 1.07057894e+13]
[9.90495171e+12 2.17285551e+13 2.86620213e+13]
[1.56573809e+13 3.15671841e+13 4.25273508e+13]
[1.32935089e+14 2.49106978e+14 3.42161540e+14]

After Selection: 

[-1.90806849e-09 -1.01056577e-12 -1.59022445e-10  2.44859309e-12
 -3.86785776e-11 -1.61587882e-16  9.54621041e-10  4.95488507e-06
 -9.61841465e-07 -8.82345160e-10  3.28735904e-10]
[-1.93705698e-09 -6.70999201e-13 -1.63831357e-10  2.46025902e-12
 -3.84755666e-11 -4.80180155e-16  9.43542023e-10  4.94160097e-06
 -9.61024282e-07 -5.74806249e-10  3.28861841e-10]
[-1.66510064e-09 -9.77930607e-13 -9.08112876e-11  2.70436412e-12
 -1.99592939e-11  4.96037153e-17  9.61718488e-10  4.97530404e-06
 -7.69793943e-07 -9.81751202e-11  2.53852098e-10]
[-2.10589596e-09 -6.97279280e-13 -1.67115337e-10  2.53318868e-12
 -4.85248525e-11 -4.74687906e-16  1.42758745e-09  4.21142763e-06
 -9.62705395e-07 -5.37771197e-10  3.94312758e-10]
[-2.59867837e-09 -1.16540766e-13 -1.70187045e-10  1.91052601e-12
 -3.61058800e-11 -5.17261770e-16  4.04085409e-10  7.04376433e-06
 -9.38840156e-07 -9.51221006e-10  3.78000626e-10]
[-2.43390700e-09 -4.14232560e-13 -2.21840239e-10  2.44704326e-12
 -2.54788802e-11 -1.10774636e-16  6.58169909e-10  4.20520125e-06
 -7.25063086e-07 -1.03154115e-09  3.28719173e-10]

Parents selected: 

[array([-1.66510064e-09, -9.77930607e-13, -9.08112876e-11,  2.70436412e-12,
       -1.99592939e-11,  4.96037153e-17,  9.61718488e-10,  4.97530404e-06,
       -7.69793943e-07, -9.81751202e-11,  2.53852098e-10]), array([-1.93705698e-09, -6.70999201e-13, -1.63831357e-10,  2.46025902e-12,
       -3.84755666e-11, -4.80180155e-16,  9.43542023e-10,  4.94160097e-06,
       -9.61024282e-07, -5.74806249e-10,  3.28861841e-10])]
[array([-2.43390700e-09, -4.14232560e-13, -2.21840239e-10,  2.44704326e-12,
       -2.54788802e-11, -1.10774636e-16,  6.58169909e-10,  4.20520125e-06,
       -7.25063086e-07, -1.03154115e-09,  3.28719173e-10]), array([-1.93705698e-09, -6.70999201e-13, -1.63831357e-10,  2.46025902e-12,
       -3.84755666e-11, -4.80180155e-16,  9.43542023e-10,  4.94160097e-06,
       -9.61024282e-07, -5.74806249e-10,  3.28861841e-10])]
[array([-2.59867837e-09, -1.16540766e-13, -1.70187045e-10,  1.91052601e-12,
       -3.61058800e-11, -5.17261770e-16,  4.04085409e-10,  7.04376433e-06,
       -9.38840156e-07, -9.51221006e-10,  3.78000626e-10]), array([-1.93705698e-09, -6.70999201e-13, -1.63831357e-10,  2.46025902e-12,
       -3.84755666e-11, -4.80180155e-16,  9.43542023e-10,  4.94160097e-06,
       -9.61024282e-07, -5.74806249e-10,  3.28861841e-10])]
[array([-1.90806849e-09, -1.01056577e-12, -1.59022445e-10,  2.44859309e-12,
       -3.86785776e-11, -1.61587882e-16,  9.54621041e-10,  4.95488507e-06,
       -9.61841465e-07, -8.82345160e-10,  3.28735904e-10]), array([-2.43390700e-09, -4.14232560e-13, -2.21840239e-10,  2.44704326e-12,
       -2.54788802e-11, -1.10774636e-16,  6.58169909e-10,  4.20520125e-06,
       -7.25063086e-07, -1.03154115e-09,  3.28719173e-10])]

After Crossover: 

[-1.66906217e-09 -9.73459602e-13 -9.18749554e-11  2.70080830e-12
 -1.68170824e-11  4.18864668e-17  1.55793698e-09  4.97481310e-06
 -7.72579554e-07 -1.05118104e-10  2.54944749e-10]
[-2.07844938e-09 -1.10450622e-12 -1.62767689e-10  3.83648513e-12
 -3.82058441e-11 -4.72462906e-16  1.11682560e-09  4.06288369e-06
 -9.58238671e-07 -1.96974928e-10  3.27769190e-10]
[-8.07658230e-10 -3.56238820e-13 -3.44952146e-10  3.71930543e-12
 -1.65024966e-11 -1.59841680e-16  6.09197969e-10  3.70095515e-06
 -3.75211290e-07 -9.94695690e-10  3.28730682e-10]
[-3.24976278e-09 -6.50285468e-13 -1.68511017e-10  2.45919288e-12
 -1.14289177e-11 -7.44669341e-16  9.20520645e-10  6.26190495e-06
 -9.41988954e-07 -7.78484665e-10  3.28850332e-10]
[-3.52615868e-09 -7.97076447e-14 -2.08217747e-10  8.81759042e-13
 -1.60946361e-11 -4.04998065e-16  3.62566414e-10  7.20555623e-06
 -4.74368317e-07 -7.30537223e-10  5.58886779e-10]
[-1.14126199e-09 -4.02225364e-13 -2.26123023e-10  1.70097521e-12
 -1.52759541e-11 -4.77326188e-16  9.85061018e-10  6.07529513e-06
 -6.44444528e-07 -4.51448642e-10  3.25079901e-10]
[-1.97955218e-09 -1.13161548e-12 -2.39547502e-10  2.44838241e-12
 -1.56923032e-11 -2.05499378e-16  9.14320799e-10  4.85297134e-06
 -9.29653273e-07 -7.22657599e-10  3.28733629e-10]
[-1.23897823e-09 -4.95299456e-13 -2.13300645e-10  3.31135298e-12
 -2.72732772e-11 -1.50504948e-16  4.15053911e-10  7.30608993e-06
 -7.57251279e-07 -9.00453355e-10  3.28721447e-10]

After Mutation: 

[-1.66906217e-09 -9.73459602e-13 -9.18749554e-11  2.70080830e-12
 -1.68170824e-11  4.18864668e-17  1.55793698e-09  4.97481310e-06
 -7.72579554e-07 -1.05118104e-10  2.54944749e-10]
[-2.07844938e-09 -1.10450622e-12 -1.62767689e-10  3.83648513e-12
 -3.82058441e-11 -4.72462906e-16  1.11682560e-09  4.06288369e-06
 -9.58238671e-07 -1.96974928e-10  3.27769190e-10]
[-8.07658230e-10 -3.56238820e-13 -3.44952146e-10  3.71930543e-12
 -1.65024966e-11 -1.59841680e-16  6.09197969e-10  3.70095515e-06
 -3.75211290e-07 -9.94695690e-10  3.28730682e-10]
[-3.24976278e-09 -6.50285468e-13 -1.68511017e-10  2.45919288e-12
 -1.14289177e-11 -7.44669341e-16  9.20520645e-10  6.26190495e-06
 -9.41988954e-07 -7.78484665e-10  3.28850332e-10]
[-3.52615868e-09 -7.97076447e-14 -2.08217747e-10  8.81759042e-13
 -1.60946361e-11 -4.04998065e-16  3.62566414e-10  7.20555623e-06
 -4.74368317e-07 -7.30537223e-10  5.58886779e-10]
[-1.14126199e-09 -4.02225364e-13 -2.26123023e-10  1.70097521e-12
 -1.52759541e-11 -4.77326188e-16  9.85061018e-10  6.07529513e-06
 -6.44444528e-07 -4.51448642e-10  3.25079901e-10]
[-1.97955218e-09 -1.13161548e-12 -2.39547502e-10  2.44838241e-12
 -1.56923032e-11 -2.05499378e-16  9.14320799e-10  4.85297134e-06
 -9.29653273e-07 -7.22657599e-10  3.28733629e-10]
[-1.23897823e-09 -4.95299456e-13 -2.13300645e-10  3.31135298e-12
 -2.72732772e-11 -1.50504948e-16  4.15053911e-10  7.30608993e-06
 -7.57251279e-07 -9.00453355e-10  3.28721447e-10]

 New Generation:

[ -1.908068490415351e-09, -1.0105657652151777e-12, -1.5902244489353608e-10, 2.4485930926939046e-12, -3.8678577559804666e-11, -1.6158788210439386e-16, 9.546210412582385e-10, 4.954885066859329e-06, -9.618414654424163e-07, -8.823451601417064e-10, 3.2873590386967103e-10, ]
[ -2.0784493761952042e-09, -1.1045062164684007e-12, -1.627676894109748e-10, 3.836485132883072e-12, -3.820584405720038e-11, -4.724629062779285e-16, 1.1168256024540422e-09, 4.06288369219631e-06, -9.582386706446794e-07, -1.969749284557409e-10, 3.2776919046253304e-10, ]
[ -1.9370569804819366e-09, -6.709992011532944e-13, -1.638313571764157e-10, 2.460259015690219e-12, -3.847556664914995e-11, -4.801801548180586e-16, 9.4354202262542e-10, 4.941600970701166e-06, -9.610242821743537e-07, -5.748062493555154e-10, 3.288618413799509e-10, ]
[ -1.979552175531914e-09, -1.131615476125444e-12, -2.3954750163449834e-10, 2.4483824050608585e-12, -1.5692303202187183e-11, -2.054993776663611e-16, 9.143207985436406e-10, 4.8529713400040545e-06, -9.296532728111923e-07, -7.226575986724238e-10, 3.2873362942675205e-10, ]
[ -3.249762775003047e-09, -6.502854680956374e-13, -1.6851101681488223e-10, 2.459192881822974e-12, -1.142891770882534e-11, -7.446693410133487e-16, 9.20520645071743e-10, 6.261904949613977e-06, -9.419889541935577e-07, -7.784846651370941e-10, 3.2885033211103935e-10, ]
[ -1.6690621709041284e-09, -9.734596022742018e-13, -9.187495537111512e-11, 2.7008082968694953e-12, -1.6817082436477404e-11, 4.1886466759775417e-17, 1.5579369802507415e-09, 4.974813097380528e-06, -7.725795543982511e-07, -1.05118104135668e-10, 2.549447490310447e-10, ]
[ -1.238978231491431e-09, -4.95299455739841e-13, -2.1330064453374252e-10, 3.3113529845572134e-12, -2.7273277175962524e-11, -1.5050494761739148e-16, 4.150539106062431e-10, 7.306089928551457e-06, -7.572512790419349e-07, -9.004533550685437e-10, 3.2872144736675125e-10, ]
[ -1.1412619856675016e-09, -4.0222536421415445e-13, -2.2612302284178815e-10, 1.7009752076123303e-12, -1.527595405796279e-11, -4.773261877351633e-16, 9.8506101786188e-10, 6.075295125101582e-06, -6.444445283004378e-07, -4.514486419500364e-10, 3.250799006129616e-10, ]
[ -8.076582298383861e-10, -3.5623882028662777e-13, -3.449521459136887e-10, 3.7193054348377366e-12, -1.650249662573827e-11, -1.5984167978731964e-16, 6.091979691879262e-10, 3.7009551471890995e-06, -3.752112897914105e-07, -9.94695690477703e-10, 3.287306821927438e-10, ]
[ -3.526158679542237e-09, -7.970764472290023e-14, -2.082177466401482e-10, 8.817590420487081e-13, -1.6094636132295138e-11, -4.049980646620455e-16, 3.625664141777292e-10, 7.205556226749818e-06, -4.74368317016599e-07, -7.305372228793039e-10, 5.58886778958152e-10, ]



