------------------------------

Generation 7

Fitness: 

[1.41537187e+11 4.89381158e+10 1.48014147e+11]
[1.71761812e+11 6.76091872e+10 1.87842456e+11]
[7.77837113e+11 6.76888532e+11 1.22137451e+12]
[8.82482996e+11 1.04308131e+12 1.66081940e+12]
[1.24710723e+12 1.63029151e+12 2.50326656e+12]
[4.85739759e+12 1.11222391e+13 1.45224174e+13]
[1.00667438e+13 2.12862401e+13 2.83329608e+13]
[4.00639570e+13 8.12487498e+13 1.09293520e+14]
[4.55968119e+13 8.16524154e+13 1.13570184e+14]
[9.25795463e+13 1.71058138e+14 2.35863820e+14]

After Selection: 

[-1.90806849e-09 -1.01056577e-12 -1.59022445e-10  2.44859309e-12
 -3.86785776e-11 -1.61587882e-16  9.54621041e-10  4.95488507e-06
 -9.61841465e-07 -8.82345160e-10  3.28735904e-10]
[-2.07844938e-09 -1.10450622e-12 -1.62767689e-10  3.83648513e-12
 -3.82058441e-11 -4.72462906e-16  1.11682560e-09  4.06288369e-06
 -9.58238671e-07 -1.96974928e-10  3.27769190e-10]
[-2.23410632e-09 -6.90055867e-13 -1.88345738e-10  6.15497257e-12
 -3.77739631e-11 -7.56472799e-16  1.71380658e-09  3.24796710e-06
 -9.54947221e-07  5.99028283e-10  2.99726618e-10]
[-1.75241154e-09 -1.16859775e-12 -7.35081537e-11  1.18063961e-12
 -3.91104585e-11  1.22422010e-16  9.14723511e-10  7.34223828e-06
 -7.15887328e-07 -1.50848721e-09  1.81000417e-10]
[-2.15639932e-09 -1.17708782e-12 -2.46258480e-10  2.44736111e-12
 -2.43196863e-11 -1.03999603e-16  1.43473764e-09  3.36237158e-06
 -9.28487893e-07 -7.17383489e-10  2.85262958e-10]
[-3.12436483e-09 -4.23435285e-13 -1.25404562e-10  7.74838467e-13
 -9.88001157e-12 -9.15257837e-16  1.42512520e-09  1.98468087e-06
 -4.07574331e-07 -7.83758775e-10  2.44022482e-10]

Parents selected: 

[array([-2.23410632e-09, -6.90055867e-13, -1.88345738e-10,  6.15497257e-12,
       -3.77739631e-11, -7.56472799e-16,  1.71380658e-09,  3.24796710e-06,
       -9.54947221e-07,  5.99028283e-10,  2.99726618e-10]), array([-2.07844938e-09, -1.10450622e-12, -1.62767689e-10,  3.83648513e-12,
       -3.82058441e-11, -4.72462906e-16,  1.11682560e-09,  4.06288369e-06,
       -9.58238671e-07, -1.96974928e-10,  3.27769190e-10])]
[array([-1.75241154e-09, -1.16859775e-12, -7.35081537e-11,  1.18063961e-12,
       -3.91104585e-11,  1.22422010e-16,  9.14723511e-10,  7.34223828e-06,
       -7.15887328e-07, -1.50848721e-09,  1.81000417e-10]), array([-3.12436483e-09, -4.23435285e-13, -1.25404562e-10,  7.74838467e-13,
       -9.88001157e-12, -9.15257837e-16,  1.42512520e-09,  1.98468087e-06,
       -4.07574331e-07, -7.83758775e-10,  2.44022482e-10])]
[array([-1.90806849e-09, -1.01056577e-12, -1.59022445e-10,  2.44859309e-12,
       -3.86785776e-11, -1.61587882e-16,  9.54621041e-10,  4.95488507e-06,
       -9.61841465e-07, -8.82345160e-10,  3.28735904e-10]), array([-1.75241154e-09, -1.16859775e-12, -7.35081537e-11,  1.18063961e-12,
       -3.91104585e-11,  1.22422010e-16,  9.14723511e-10,  7.34223828e-06,
       -7.15887328e-07, -1.50848721e-09,  1.81000417e-10])]
[array([-2.23410632e-09, -6.90055867e-13, -1.88345738e-10,  6.15497257e-12,
       -3.77739631e-11, -7.56472799e-16,  1.71380658e-09,  3.24796710e-06,
       -9.54947221e-07,  5.99028283e-10,  2.99726618e-10]), array([-2.15639932e-09, -1.17708782e-12, -2.46258480e-10,  2.44736111e-12,
       -2.43196863e-11, -1.03999603e-16,  1.43473764e-09,  3.36237158e-06,
       -9.28487893e-07, -7.17383489e-10,  2.85262958e-10])]

After Crossover: 

[-1.67577085e-09 -6.82669649e-13 -1.46342235e-10  3.37179193e-12
 -4.63961638e-11 -7.61534344e-16  1.72444581e-09  3.23344389e-06
 -4.54583900e-07  1.03368439e-09  3.29712343e-10]
[-1.62758673e-09 -1.41375628e-12 -1.62311845e-10  3.79516570e-12
 -3.82135409e-11 -4.67401361e-16  1.10618637e-09  1.61038476e-06
 -1.49688715e-06 -8.96264238e-11  3.28268957e-10]
[-1.91247599e-09 -1.45271720e-12 -8.80855218e-11  1.26209793e-12
 -4.49780199e-11  3.30720237e-16  6.63588695e-10  8.41768531e-06
 -7.77776407e-07 -1.65396527e-09  1.90817156e-10]
[-2.72862042e-09 -3.19842402e-13 -1.87941541e-10  6.93380146e-13
 -4.01245014e-12 -6.27484494e-16  1.52758047e-09  9.09233846e-07
 -4.15955749e-07 -6.38280718e-10  2.56673189e-10]
[-1.88925339e-09 -1.00055814e-12 -6.03320899e-11  3.75677232e-12
 -1.95733571e-11 -1.27258072e-16  9.49798411e-10  5.24345735e-06
 -9.34573673e-07 -9.58030334e-10  1.30191356e-10]
[-1.77122664e-09 -6.14065143e-13 -8.73191863e-11  1.88480433e-12
 -1.68946077e-11  8.80921998e-17  9.19546141e-10  1.08983515e-05
 -7.45617134e-07 -9.44327772e-10  1.98858004e-10]
[-2.22904268e-09 -7.08256196e-13 -1.92119522e-10  9.90803047e-12
 -3.68972382e-11 -7.13955498e-16  2.11241677e-09  2.19098888e-06
 -9.53223044e-07  5.13246560e-10  2.25774243e-10]
[-1.96377953e-09 -1.83047827e-12 -2.23379755e-10  1.71555442e-12
 -2.51964113e-11 -1.46516903e-16  1.72236249e-09  3.35491661e-06
 -9.30212070e-07 -6.31601766e-10  2.62022544e-10]

After Mutation: 

[-1.67577085e-09 -6.82669649e-13 -1.46342235e-10  3.37179193e-12
 -4.63961638e-11 -7.61534344e-16  1.72444581e-09  3.23344389e-06
 -4.54583900e-07  1.03368439e-09  3.29712343e-10]
[-1.62758673e-09 -1.41375628e-12 -1.62311845e-10  3.79516570e-12
 -3.82135409e-11 -4.67401361e-16  1.10618637e-09  1.61038476e-06
 -1.49688715e-06 -8.96264238e-11  3.28268957e-10]
[-1.91247599e-09 -1.45271720e-12 -8.80855218e-11  1.26209793e-12
 -4.49780199e-11  3.30720237e-16  6.63588695e-10  8.41768531e-06
 -7.77776407e-07 -1.65396527e-09  1.90817156e-10]
[-2.72862042e-09 -3.19842402e-13 -1.87941541e-10  6.93380146e-13
 -4.01245014e-12 -6.27484494e-16  1.52758047e-09  9.09233846e-07
 -4.15955749e-07 -6.38280718e-10  2.56673189e-10]
[-1.88925339e-09 -1.00055814e-12 -6.03320899e-11  3.75677232e-12
 -1.95733571e-11 -1.27258072e-16  9.49798411e-10  5.24345735e-06
 -9.34573673e-07 -9.58030334e-10  1.30191356e-10]
[-1.77122664e-09 -6.14065143e-13 -8.73191863e-11  1.88480433e-12
 -1.68946077e-11  8.80921998e-17  9.19546141e-10  1.08983515e-05
 -7.45617134e-07 -9.44327772e-10  1.98858004e-10]
[-2.22904268e-09 -7.08256196e-13 -1.92119522e-10  9.90803047e-12
 -3.68972382e-11 -7.13955498e-16  2.11241677e-09  2.19098888e-06
 -9.53223044e-07  5.13246560e-10  2.25774243e-10]
[-1.96377953e-09 -1.83047827e-12 -2.23379755e-10  1.71555442e-12
 -2.51964113e-11 -1.46516903e-16  1.72236249e-09  3.35491661e-06
 -9.30212070e-07 -6.31601766e-10  2.62022544e-10]

 New Generation:

[ -1.908068490415351e-09, -1.0105657652151777e-12, -1.5902244489353608e-10, 2.4485930926939046e-12, -3.8678577559804666e-11, -1.6158788210439386e-16, 9.546210412582385e-10, 4.954885066859329e-06, -9.618414654424163e-07, -8.823451601417064e-10, 3.2873590386967103e-10, ]
[ -2.0784493761952042e-09, -1.1045062164684007e-12, -1.627676894109748e-10, 3.836485132883072e-12, -3.820584405720038e-11, -4.724629062779285e-16, 1.1168256024540422e-09, 4.06288369219631e-06, -9.582386706446794e-07, -1.969749284557409e-10, 3.2776919046253304e-10, ]
[ -1.7712266401393502e-09, -6.140651426735466e-13, -8.731918633866695e-11, 1.8848043255464734e-12, -1.689460766160935e-11, 8.80921997767934e-17, 9.195461412704871e-10, 1.0898351507249241e-05, -7.456171337455087e-07, -9.443277715785904e-10, 1.9885800352742787e-10, ]
[ -1.9124759892443537e-09, -1.4527172045386935e-12, -8.808552184488482e-11, 1.262097933419252e-12, -4.497801990773283e-11, 3.307202365935665e-16, 6.635886949755028e-10, 8.417685309758668e-06, -7.777764074407276e-07, -1.6539652699829407e-09, 1.9081715566692974e-10, ]
[ -1.963779527182432e-09, -1.830478270855355e-12, -2.2337975469876313e-10, 1.7155544229656745e-12, -2.519641126358425e-11, -1.4651690328413255e-16, 1.722362489564561e-09, 3.354916607299304e-06, -9.302120698071174e-07, -6.316017659090302e-10, 2.6202254352355737e-10, ]
[ -2.2290426791245682e-09, -7.082561960714429e-13, -1.9211952238827232e-10, 9.908030465487458e-12, -3.689723818924398e-11, -7.139554983003245e-16, 2.1124167693119742e-09, 2.1909888755616936e-06, -9.53223044493086e-07, 5.132465604164905e-10, 2.2577424342732943e-10, ]
[ -2.7286204207426215e-09, -3.1984240214043227e-13, -1.8794154143555314e-10, 6.933801458034156e-13, -4.0124501429478265e-12, -6.274844941063571e-16, 1.5275804680107876e-09, 9.092338464217666e-07, -4.1595574890318616e-07, -6.382807180678284e-10, 2.5667318945738316e-10, ]
[ -1.889253394088156e-09, -1.0005581414126944e-12, -6.033208985768848e-11, 3.756772322368276e-12, -1.957335714749281e-11, -1.2725807158150565e-16, 9.49798411188525e-10, 5.2434573516974925e-06, -9.345736731853459e-07, -9.580303338038826e-10, 1.301913555819616e-10, ]
[ -1.6757708473461773e-09, -6.826696486616997e-13, -1.463422349192689e-10, 3.3717919314499974e-12, -4.639616380011108e-11, -7.615343439331216e-16, 1.7244458094850351e-09, 3.233443886120701e-06, -4.545838998653743e-07, 1.0336843867169152e-09, 3.297123426007758e-10, ]
[ -1.6275867333076528e-09, -1.4137562777904018e-12, -1.6231184455697957e-10, 3.795165695174928e-12, -3.821354091873344e-11, -4.674013610268109e-16, 1.1061863736242148e-09, 1.6103847598324756e-06, -1.4968871542419476e-06, -8.962642379907365e-11, 3.282689573785232e-10, ]



