------------------------------

Generation 1

Fitness: 

[1.78109765e+11 7.56568759e+10 2.00333711e+11]
[2.11003085e+11 9.38024625e+10 2.41504622e+11]
[2.44625796e+11 1.16159435e+11 2.87397493e+11]
[3.59580338e+11 1.77935987e+11 4.29642223e+11]
[5.65954494e+11 3.17283105e+11 7.13451250e+11]
[9.38612618e+11 8.58010160e+11 1.51503899e+12]
[1.45435150e+12 3.73088750e+12 4.74893355e+12]
[3.02931429e+12 4.21777914e+12 6.33829914e+12]
[4.12399230e+12 4.64175616e+12 7.52855077e+12]
[6.34155607e+12 7.67890915e+12 1.21179984e+13]

After Selection: 

[-1.93705698e-09 -6.70999201e-13 -1.63831357e-10  2.46025902e-12
 -3.84755666e-11 -4.80180155e-16  9.43542023e-10  4.94160097e-06
 -9.61024282e-07 -5.74806249e-10  3.28861841e-10]
[-2.68803273e-09 -6.71707401e-13 -1.63901952e-10  2.71364591e-12
 -3.85533947e-11 -4.81490760e-16  6.03531953e-10  4.95113230e-06
 -9.62583794e-07 -6.83005060e-10  3.29350899e-10]
[-1.87629140e-09 -6.65507840e-13 -1.87750758e-10  2.75036180e-12
 -1.30786141e-11 -5.88107017e-16  6.49152424e-10  5.06702119e-06
 -9.75086452e-07 -6.95753755e-10  3.34837624e-10]
[-3.42127753e-09 -6.24042381e-13 -4.10049302e-10  3.05755824e-12
 -2.80813390e-11 -9.68585180e-16  3.76292500e-10  4.71292803e-06
 -9.19184221e-07 -1.31883418e-09  3.35309885e-10]
[-3.42872127e-09 -5.85933359e-13 -5.80692131e-10  3.85563742e-12
 -2.83374100e-11 -1.26143364e-15  3.77520081e-10  4.73279758e-06
 -9.26529478e-07 -1.31922056e-09  3.38272140e-10]
[-8.27084383e-10 -5.83222671e-13 -3.54349234e-10  3.06293761e-12
 -3.84032226e-11 -6.82233190e-16  2.04034634e-10  5.53438712e-06
 -8.50884690e-07 -1.09732266e-09  2.65696116e-10]

Parents selected: 

[array([-2.68803273e-09, -6.71707401e-13, -1.63901952e-10,  2.71364591e-12,
       -3.85533947e-11, -4.81490760e-16,  6.03531953e-10,  4.95113230e-06,
       -9.62583794e-07, -6.83005060e-10,  3.29350899e-10]), array([-3.42872127e-09, -5.85933359e-13, -5.80692131e-10,  3.85563742e-12,
       -2.83374100e-11, -1.26143364e-15,  3.77520081e-10,  4.73279758e-06,
       -9.26529478e-07, -1.31922056e-09,  3.38272140e-10])]
[array([-3.42127753e-09, -6.24042381e-13, -4.10049302e-10,  3.05755824e-12,
       -2.80813390e-11, -9.68585180e-16,  3.76292500e-10,  4.71292803e-06,
       -9.19184221e-07, -1.31883418e-09,  3.35309885e-10]), array([-1.93705698e-09, -6.70999201e-13, -1.63831357e-10,  2.46025902e-12,
       -3.84755666e-11, -4.80180155e-16,  9.43542023e-10,  4.94160097e-06,
       -9.61024282e-07, -5.74806249e-10,  3.28861841e-10])]
[array([-3.42872127e-09, -5.85933359e-13, -5.80692131e-10,  3.85563742e-12,
       -2.83374100e-11, -1.26143364e-15,  3.77520081e-10,  4.73279758e-06,
       -9.26529478e-07, -1.31922056e-09,  3.38272140e-10]), array([-1.87629140e-09, -6.65507840e-13, -1.87750758e-10,  2.75036180e-12,
       -1.30786141e-11, -5.88107017e-16,  6.49152424e-10,  5.06702119e-06,
       -9.75086452e-07, -6.95753755e-10,  3.34837624e-10])]
[array([-1.93705698e-09, -6.70999201e-13, -1.63831357e-10,  2.46025902e-12,
       -3.84755666e-11, -4.80180155e-16,  9.43542023e-10,  4.94160097e-06,
       -9.61024282e-07, -5.74806249e-10,  3.28861841e-10]), array([-3.42127753e-09, -6.24042381e-13, -4.10049302e-10,  3.05755824e-12,
       -2.80813390e-11, -9.68585180e-16,  3.76292500e-10,  4.71292803e-06,
       -9.19184221e-07, -1.31883418e-09,  3.35309885e-10])]

After Crossover: 

[-2.18486060e-09 -1.05708240e-12 -3.04700838e-10  1.24291232e-12
 -3.73243628e-11 -5.75321622e-16  5.76341643e-10  1.96809121e-06
 -9.58246287e-07 -7.59544831e-10  3.30424167e-10]
[-3.69245782e-09 -4.26673406e-13 -8.21058724e-10  4.66671237e-12
 -3.44682770e-11 -1.16760278e-15  1.32831480e-10  6.87891592e-06
 -7.01673068e-07 -1.65266823e-09  3.37198872e-10]
[-3.86745583e-09 -9.43141750e-13 -4.84065999e-10  3.23711508e-12
 -3.99486342e-11 -1.11540684e-15  2.05769040e-10  3.44950329e-06
 -1.23234950e-06 -1.54249980e-09  3.59875315e-10]
[-1.49087869e-09 -8.80165610e-13 -4.60381300e-11  2.10228791e-12
 -2.91702474e-11 -4.80235810e-16  1.49101225e-09  5.01034338e-06
 -4.80239902e-07 -2.68560849e-10  4.43405252e-10]
[-3.29299103e-09 -5.53646963e-13 -5.12986463e-10  5.28754315e-12
 -4.38487762e-11 -1.59404620e-15  4.01269124e-10  5.77974816e-06
 -9.30774855e-07 -1.20065085e-09  2.11063161e-10]
[-2.71544602e-09 -9.51544093e-13 -2.22105950e-10  4.26939570e-12
 -1.44127033e-11 -7.27029694e-16  6.25403382e-10  5.03779974e-06
 -6.16213860e-07 -7.50263978e-10  4.12644813e-10]
[-1.90806849e-09 -1.01056577e-12 -1.59022445e-10  2.44859309e-12
 -3.86785776e-11 -1.61587882e-16  9.54621041e-10  4.95488507e-06
 -9.61841465e-07 -8.82345160e-10  3.28735904e-10]
[-3.01075801e-09 -6.23125262e-13 -5.13129026e-10  2.75521266e-12
 -1.79922128e-11 -9.78124277e-16  3.65213482e-10  2.70735005e-06
 -1.19970350e-06 -1.33336587e-09  3.35435822e-10]

After Mutation: 

[-2.18486060e-09 -1.05708240e-12 -3.04700838e-10  1.24291232e-12
 -3.73243628e-11 -5.75321622e-16  5.76341643e-10  1.96809121e-06
 -9.58246287e-07 -7.59544831e-10  3.30424167e-10]
[-3.69245782e-09 -4.26673406e-13 -8.21058724e-10  4.66671237e-12
 -3.44682770e-11 -1.16760278e-15  1.32831480e-10  6.87891592e-06
 -7.01673068e-07 -1.65266823e-09  3.37198872e-10]
[-3.86745583e-09 -9.43141750e-13 -4.84065999e-10  3.23711508e-12
 -3.99486342e-11 -1.11540684e-15  2.05769040e-10  3.44950329e-06
 -1.23234950e-06 -1.54249980e-09  3.59875315e-10]
[-1.49087869e-09 -8.80165610e-13 -4.60381300e-11  2.10228791e-12
 -2.91702474e-11 -4.80235810e-16  1.49101225e-09  5.01034338e-06
 -4.80239902e-07 -2.68560849e-10  4.43405252e-10]
[-3.29299103e-09 -5.53646963e-13 -5.12986463e-10  5.28754315e-12
 -4.38487762e-11 -1.59404620e-15  4.01269124e-10  5.77974816e-06
 -9.30774855e-07 -1.20065085e-09  2.11063161e-10]
[-2.71544602e-09 -9.51544093e-13 -2.22105950e-10  4.26939570e-12
 -1.44127033e-11 -7.27029694e-16  6.25403382e-10  5.03779974e-06
 -6.16213860e-07 -7.50263978e-10  4.12644813e-10]
[-1.90806849e-09 -1.01056577e-12 -1.59022445e-10  2.44859309e-12
 -3.86785776e-11 -1.61587882e-16  9.54621041e-10  4.95488507e-06
 -9.61841465e-07 -8.82345160e-10  3.28735904e-10]
[-3.01075801e-09 -6.23125262e-13 -5.13129026e-10  2.75521266e-12
 -1.79922128e-11 -9.78124277e-16  3.65213482e-10  2.70735005e-06
 -1.19970350e-06 -1.33336587e-09  3.35435822e-10]

 New Generation:

[ -1.908068490415351e-09, -1.0105657652151777e-12, -1.5902244489353608e-10, 2.4485930926939046e-12, -3.8678577559804666e-11, -1.6158788210439386e-16, 9.546210412582385e-10, 4.954885066859329e-06, -9.618414654424163e-07, -8.823451601417064e-10, 3.2873590386967103e-10, ]
[ -1.9370569804819366e-09, -6.709992011532944e-13, -1.638313571764157e-10, 2.460259015690219e-12, -3.847556664914995e-11, -4.801801548180586e-16, 9.4354202262542e-10, 4.941600970701166e-06, -9.610242821743537e-07, -5.748062493555154e-10, 3.288618413799509e-10, ]
[ -2.6880327297344165e-09, -6.717074014617671e-13, -1.639019517146059e-10, 2.713645906095159e-12, -3.855339470758899e-11, -4.814907600404815e-16, 6.035319533708099e-10, 4.951132304592103e-06, -9.625837943458704e-07, -6.830050604331548e-10, 3.293508993413018e-10, ]
[ -2.1848606029281268e-09, -1.0570824005786952e-12, -3.0470083796118855e-10, 1.2429123236608791e-12, -3.732436284594635e-11, -5.753216222791179e-16, 5.763416433304048e-10, 1.9680912081592402e-06, -9.58246287491172e-07, -7.595448308842429e-10, 3.304241672871827e-10, ]
[ -3.692457817088429e-09, -4.2667340556903576e-13, -8.21058723544338e-10, 4.666712367325946e-12, -3.446827696578249e-11, -1.1676027815746918e-15, 1.3283147970696457e-10, 6.878915920223518e-06, -7.016730679246653e-07, -1.6526682346666366e-09, 3.3719887198513645e-10, ]
[ -3.867455826262774e-09, -9.431417503089428e-13, -4.840659985464588e-10, 3.2371150794357256e-12, -3.994863420511346e-11, -1.115406837343992e-15, 2.0576903989839592e-10, 3.4495032939311176e-06, -1.2323495032557956e-06, -1.5424997961424746e-09, 3.598753151017313e-10, ]
[ -3.292991028431793e-09, -5.536469632471985e-13, -5.129864630212981e-10, 5.287543149543786e-12, -4.384877616969171e-11, -1.5940461973352009e-15, 4.012691235127298e-10, 5.7797481642874336e-06, -9.307748545624541e-07, -1.2006508523913085e-09, 2.1106316089660095e-10, ]
[ -3.0107580050258616e-09, -6.231252616266676e-13, -5.131290257232818e-10, 2.755212657319646e-12, -1.7992212768458694e-11, -9.781242771559139e-16, 3.6521348184723634e-10, 2.7073500531410984e-06, -1.1997035029723207e-06, -1.3333658739776544e-09, 3.3543582224984676e-10, ]
[ -2.7154460201280577e-09, -9.515440925252647e-13, -2.221059499723694e-10, 4.269395702936694e-12, -1.4412703303220923e-11, -7.27029694197608e-16, 6.254033817225782e-10, 5.037799737739984e-06, -6.162138604265965e-07, -7.502639776759142e-10, 4.1264481261701764e-10, ]
[ -1.490878685542686e-09, -8.801656099149168e-13, -4.6038130026656725e-11, 2.1022879100380394e-12, -2.917024735284531e-11, -4.802358096954767e-16, 1.4910122464173576e-09, 5.010343384024912e-06, -4.802399017107871e-07, -2.685608487052085e-10, 4.4340525171271164e-10, ]



