------------------------------

Generation 6

Fitness: 

[1.41537187e+11 4.89381158e+10 1.48014147e+11]
[1.71761812e+11 6.76091872e+10 1.87842456e+11]
[1.78109765e+11 7.56568759e+10 2.00333711e+11]
[8.62095682e+10 1.49833039e+11 2.10179736e+11]
[1.40687014e+11 1.76249771e+11 2.74730681e+11]
[2.19657001e+11 5.59891370e+11 7.13651271e+11]
[4.19933513e+12 9.56008479e+12 1.24996194e+13]
[7.80694985e+12 1.75529648e+13 2.30178297e+13]
[2.32836576e+13 4.77181883e+13 6.40167486e+13]
[8.86211219e+13 1.77853289e+14 2.39888074e+14]

After Selection: 

[-1.90806849e-09 -1.01056577e-12 -1.59022445e-10  2.44859309e-12
 -3.86785776e-11 -1.61587882e-16  9.54621041e-10  4.95488507e-06
 -9.61841465e-07 -8.82345160e-10  3.28735904e-10]
[-2.07844938e-09 -1.10450622e-12 -1.62767689e-10  3.83648513e-12
 -3.82058441e-11 -4.72462906e-16  1.11682560e-09  4.06288369e-06
 -9.58238671e-07 -1.96974928e-10  3.27769190e-10]
[-1.93705698e-09 -6.70999201e-13 -1.63831357e-10  2.46025902e-12
 -3.84755666e-11 -4.80180155e-16  9.43542023e-10  4.94160097e-06
 -9.61024282e-07 -5.74806249e-10  3.28861841e-10]
[-1.97955218e-09 -1.13161548e-12 -2.39547502e-10  2.44838241e-12
 -1.56923032e-11 -2.05499378e-16  9.14320799e-10  4.85297134e-06
 -9.29653273e-07 -7.22657599e-10  3.28733629e-10]
[-3.24976278e-09 -6.50285468e-13 -1.68511017e-10  2.45919288e-12
 -1.14289177e-11 -7.44669341e-16  9.20520645e-10  6.26190495e-06
 -9.41988954e-07 -7.78484665e-10  3.28850332e-10]
[-1.66906217e-09 -9.73459602e-13 -9.18749554e-11  2.70080830e-12
 -1.68170824e-11  4.18864668e-17  1.55793698e-09  4.97481310e-06
 -7.72579554e-07 -1.05118104e-10  2.54944749e-10]

Parents selected: 

[array([-1.97955218e-09, -1.13161548e-12, -2.39547502e-10,  2.44838241e-12,
       -1.56923032e-11, -2.05499378e-16,  9.14320799e-10,  4.85297134e-06,
       -9.29653273e-07, -7.22657599e-10,  3.28733629e-10]), array([-1.93705698e-09, -6.70999201e-13, -1.63831357e-10,  2.46025902e-12,
       -3.84755666e-11, -4.80180155e-16,  9.43542023e-10,  4.94160097e-06,
       -9.61024282e-07, -5.74806249e-10,  3.28861841e-10])]
[array([-3.24976278e-09, -6.50285468e-13, -1.68511017e-10,  2.45919288e-12,
       -1.14289177e-11, -7.44669341e-16,  9.20520645e-10,  6.26190495e-06,
       -9.41988954e-07, -7.78484665e-10,  3.28850332e-10]), array([-1.97955218e-09, -1.13161548e-12, -2.39547502e-10,  2.44838241e-12,
       -1.56923032e-11, -2.05499378e-16,  9.14320799e-10,  4.85297134e-06,
       -9.29653273e-07, -7.22657599e-10,  3.28733629e-10])]
[array([-2.07844938e-09, -1.10450622e-12, -1.62767689e-10,  3.83648513e-12,
       -3.82058441e-11, -4.72462906e-16,  1.11682560e-09,  4.06288369e-06,
       -9.58238671e-07, -1.96974928e-10,  3.27769190e-10]), array([-1.90806849e-09, -1.01056577e-12, -1.59022445e-10,  2.44859309e-12,
       -3.86785776e-11, -1.61587882e-16,  9.54621041e-10,  4.95488507e-06,
       -9.61841465e-07, -8.82345160e-10,  3.28735904e-10])]
[array([-1.93705698e-09, -6.70999201e-13, -1.63831357e-10,  2.46025902e-12,
       -3.84755666e-11, -4.80180155e-16,  9.43542023e-10,  4.94160097e-06,
       -9.61024282e-07, -5.74806249e-10,  3.28861841e-10]), array([-1.97955218e-09, -1.13161548e-12, -2.39547502e-10,  2.44838241e-12,
       -1.56923032e-11, -2.05499378e-16,  9.14320799e-10,  4.85297134e-06,
       -9.29653273e-07, -7.22657599e-10,  3.28733629e-10])]

After Crossover: 

[-1.26810922e-09 -1.47149196e-12 -2.13337683e-10  1.10406666e-12
 -2.35789330e-11 -2.69642580e-16  7.37689870e-10  4.88365128e-06
 -8.57034185e-07 -1.11048596e-09  4.52521481e-10]
[-2.91982960e-09 -8.30445631e-13 -1.90041176e-10  2.45614782e-12
 -2.67928672e-11 -3.85096955e-16  3.21191368e-10  4.91092103e-06
 -1.14253441e-06 -9.51704212e-10  1.08576261e-10]
[-3.12436483e-09 -4.23435285e-13 -1.25404562e-10  7.74838467e-13
 -9.88001157e-12 -9.15257837e-16  1.42512520e-09  1.98468087e-06
 -4.07574331e-07 -7.83758775e-10  2.44022482e-10]
[-2.15639932e-09 -1.17708782e-12 -2.46258480e-10  2.44736111e-12
 -2.43196863e-11 -1.03999603e-16  1.43473764e-09  3.36237158e-06
 -9.28487893e-07 -7.17383489e-10  2.85262958e-10]
[-2.23410632e-09 -6.90055867e-13 -1.88345738e-10  6.15497257e-12
 -3.77739631e-11 -7.56472799e-16  1.71380658e-09  3.24796710e-06
 -9.54947221e-07  5.99028283e-10  2.99726618e-10]
[-1.75241154e-09 -1.16859775e-12 -7.35081537e-11  1.18063961e-12
 -3.91104585e-11  1.22422010e-16  9.14723511e-10  7.34223828e-06
 -7.15887328e-07 -1.50848721e-09  1.81000417e-10]
[-1.93894018e-09 -9.94500920e-13 -7.76852835e-11  2.45973270e-12
 -3.74659118e-11 -2.41982244e-16  9.42247065e-10  5.30628732e-06
 -1.59431740e-06 -5.81358376e-10  1.51500815e-10]
[-1.97766897e-09 -1.10114792e-12 -2.36192092e-10  2.44890872e-12
 -7.66648459e-12 -2.60801820e-16  9.15615756e-10  4.85689902e-06
 -4.60910088e-07 -1.17580355e-09  4.33091601e-10]

After Mutation: 

[-1.26810922e-09 -1.47149196e-12 -2.13337683e-10  1.10406666e-12
 -2.35789330e-11 -2.69642580e-16  7.37689870e-10  4.88365128e-06
 -8.57034185e-07 -1.11048596e-09  4.52521481e-10]
[-2.91982960e-09 -8.30445631e-13 -1.90041176e-10  2.45614782e-12
 -2.67928672e-11 -3.85096955e-16  3.21191368e-10  4.91092103e-06
 -1.14253441e-06 -9.51704212e-10  1.08576261e-10]
[-3.12436483e-09 -4.23435285e-13 -1.25404562e-10  7.74838467e-13
 -9.88001157e-12 -9.15257837e-16  1.42512520e-09  1.98468087e-06
 -4.07574331e-07 -7.83758775e-10  2.44022482e-10]
[-2.15639932e-09 -1.17708782e-12 -2.46258480e-10  2.44736111e-12
 -2.43196863e-11 -1.03999603e-16  1.43473764e-09  3.36237158e-06
 -9.28487893e-07 -7.17383489e-10  2.85262958e-10]
[-2.23410632e-09 -6.90055867e-13 -1.88345738e-10  6.15497257e-12
 -3.77739631e-11 -7.56472799e-16  1.71380658e-09  3.24796710e-06
 -9.54947221e-07  5.99028283e-10  2.99726618e-10]
[-1.75241154e-09 -1.16859775e-12 -7.35081537e-11  1.18063961e-12
 -3.91104585e-11  1.22422010e-16  9.14723511e-10  7.34223828e-06
 -7.15887328e-07 -1.50848721e-09  1.81000417e-10]
[-1.93894018e-09 -9.94500920e-13 -7.76852835e-11  2.45973270e-12
 -3.74659118e-11 -2.41982244e-16  9.42247065e-10  5.30628732e-06
 -1.59431740e-06 -5.81358376e-10  1.51500815e-10]
[-1.97766897e-09 -1.10114792e-12 -2.36192092e-10  2.44890872e-12
 -7.66648459e-12 -2.60801820e-16  9.15615756e-10  4.85689902e-06
 -4.60910088e-07 -1.17580355e-09  4.33091601e-10]

 New Generation:

[ -1.908068490415351e-09, -1.0105657652151777e-12, -1.5902244489353608e-10, 2.4485930926939046e-12, -3.8678577559804666e-11, -1.6158788210439386e-16, 9.546210412582385e-10, 4.954885066859329e-06, -9.618414654424163e-07, -8.823451601417064e-10, 3.2873590386967103e-10, ]
[ -2.0784493761952042e-09, -1.1045062164684007e-12, -1.627676894109748e-10, 3.836485132883072e-12, -3.820584405720038e-11, -4.724629062779285e-16, 1.1168256024540422e-09, 4.06288369219631e-06, -9.582386706446794e-07, -1.969749284557409e-10, 3.2776919046253304e-10, ]
[ -2.2341063227984e-09, -6.900558674242624e-13, -1.8834573751941505e-10, 6.15497256616164e-12, -3.777396313795516e-11, -7.56472798682004e-16, 1.7138065806552077e-09, 3.2479671027538766e-06, -9.549472214020794e-07, 5.990282830722366e-10, 2.997266182843738e-10, ]
[ -1.7524115438121549e-09, -1.1685977476462622e-12, -7.350815369370076e-11, 1.1806396118682326e-12, -3.9110458479049884e-11, 1.224220102996816e-16, 9.147235112007737e-10, 7.342238283185503e-06, -7.158873279810055e-07, -1.5084872128060272e-09, 1.8100041682581233e-10, ]
[ -2.156399324929419e-09, -1.1770878181491942e-12, -2.4625848013156823e-10, 2.4473611147017165e-12, -2.4319686314873066e-11, -1.0399960290245306e-16, 1.4347376413207301e-09, 3.3623715794452222e-06, -9.284878928981241e-07, -7.173834885647763e-10, 2.8526295755977884e-10, ]
[ -3.1243648341380636e-09, -4.234352854173388e-13, -1.2540456172804394e-10, 7.748384673544351e-13, -9.880011571630766e-12, -9.152578365323035e-16, 1.4251252002747093e-09, 1.9846808729949316e-06, -4.0757433061669565e-07, -7.837587752447419e-10, 2.440224818262672e-10, ]
[ -1.2681092214046192e-09, -1.4714919643948312e-12, -2.1333768320564467e-10, 1.1040666616904263e-12, -2.3578932961738924e-11, -2.696425796245251e-16, 7.376898695470479e-10, 4.88365127682088e-06, -8.570341853135789e-07, -1.1104859586246037e-09, 4.5252148149858986e-10, ]
[ -1.977668973906741e-09, -1.1011479183435857e-12, -2.361920924846499e-10, 2.448908724622692e-12, -7.66648459435653e-12, -2.608018198946972e-16, 9.156157556938696e-10, 4.856899018518553e-06, -4.609100876754172e-07, -1.1758035463932753e-09, 4.33091600705858e-10, ]
[ -2.9198296023748307e-09, -8.304456312218322e-13, -1.9004117560526936e-10, 2.4561478210384884e-12, -2.6792867193851818e-11, -3.8509695497250853e-16, 3.2119136838127807e-10, 4.91092103388434e-06, -1.1425344125525812e-06, -9.517042124434606e-10, 1.0857626110210692e-10, ]
[ -1.9389401821071093e-09, -9.945009200443787e-13, -7.768528348612177e-11, 2.4597326961283844e-12, -3.746591182347843e-11, -2.419822435120162e-16, 9.422470654751908e-10, 5.306287324175926e-06, -1.5943174049886884e-06, -5.813583760369002e-10, 1.5150081477233767e-10, ]



