------------------------------

Generation 2

Fitness: 

[1.41537187e+11 4.89381158e+10 1.48014147e+11]
[1.78109765e+11 7.56568759e+10 2.00333711e+11]
[2.11003085e+11 9.38024625e+10 2.41504622e+11]
[9.74234892e+11 9.84484570e+11 1.66644899e+12]
[3.40240638e+12 8.79498598e+12 1.11766704e+13]
[9.88314765e+12 1.56431370e+13 2.25613404e+13]
[1.09608037e+13 1.58862102e+13 2.35587728e+13]
[1.11414701e+13 1.80637721e+13 2.58628012e+13]
[1.98346053e+13 4.24115054e+13 5.62957291e+13]
[4.44796524e+13 9.11294768e+13 1.22265233e+14]

After Selection: 

[-1.90806849e-09 -1.01056577e-12 -1.59022445e-10  2.44859309e-12
 -3.86785776e-11 -1.61587882e-16  9.54621041e-10  4.95488507e-06
 -9.61841465e-07 -8.82345160e-10  3.28735904e-10]
[-1.93705698e-09 -6.70999201e-13 -1.63831357e-10  2.46025902e-12
 -3.84755666e-11 -4.80180155e-16  9.43542023e-10  4.94160097e-06
 -9.61024282e-07 -5.74806249e-10  3.28861841e-10]
[-2.68803273e-09 -6.71707401e-13 -1.63901952e-10  2.71364591e-12
 -3.85533947e-11 -4.81490760e-16  6.03531953e-10  4.95113230e-06
 -9.62583794e-07 -6.83005060e-10  3.29350899e-10]
[-2.18486060e-09 -1.05708240e-12 -3.04700838e-10  1.24291232e-12
 -3.73243628e-11 -5.75321622e-16  5.76341643e-10  1.96809121e-06
 -9.58246287e-07 -7.59544831e-10  3.30424167e-10]
[-3.69245782e-09 -4.26673406e-13 -8.21058724e-10  4.66671237e-12
 -3.44682770e-11 -1.16760278e-15  1.32831480e-10  6.87891592e-06
 -7.01673068e-07 -1.65266823e-09  3.37198872e-10]
[-3.86745583e-09 -9.43141750e-13 -4.84065999e-10  3.23711508e-12
 -3.99486342e-11 -1.11540684e-15  2.05769040e-10  3.44950329e-06
 -1.23234950e-06 -1.54249980e-09  3.59875315e-10]

Parents selected: 

[array([-1.90806849e-09, -1.01056577e-12, -1.59022445e-10,  2.44859309e-12,
       -3.86785776e-11, -1.61587882e-16,  9.54621041e-10,  4.95488507e-06,
       -9.61841465e-07, -8.82345160e-10,  3.28735904e-10]), array([-2.68803273e-09, -6.71707401e-13, -1.63901952e-10,  2.71364591e-12,
       -3.85533947e-11, -4.81490760e-16,  6.03531953e-10,  4.95113230e-06,
       -9.62583794e-07, -6.83005060e-10,  3.29350899e-10])]
[array([-2.18486060e-09, -1.05708240e-12, -3.04700838e-10,  1.24291232e-12,
       -3.73243628e-11, -5.75321622e-16,  5.76341643e-10,  1.96809121e-06,
       -9.58246287e-07, -7.59544831e-10,  3.30424167e-10]), array([-2.68803273e-09, -6.71707401e-13, -1.63901952e-10,  2.71364591e-12,
       -3.85533947e-11, -4.81490760e-16,  6.03531953e-10,  4.95113230e-06,
       -9.62583794e-07, -6.83005060e-10,  3.29350899e-10])]
[array([-1.90806849e-09, -1.01056577e-12, -1.59022445e-10,  2.44859309e-12,
       -3.86785776e-11, -1.61587882e-16,  9.54621041e-10,  4.95488507e-06,
       -9.61841465e-07, -8.82345160e-10,  3.28735904e-10]), array([-3.86745583e-09, -9.43141750e-13, -4.84065999e-10,  3.23711508e-12,
       -3.99486342e-11, -1.11540684e-15,  2.05769040e-10,  3.44950329e-06,
       -1.23234950e-06, -1.54249980e-09,  3.59875315e-10])]
[array([-2.18486060e-09, -1.05708240e-12, -3.04700838e-10,  1.24291232e-12,
       -3.73243628e-11, -5.75321622e-16,  5.76341643e-10,  1.96809121e-06,
       -9.58246287e-07, -7.59544831e-10,  3.30424167e-10]), array([-1.93705698e-09, -6.70999201e-13, -1.63831357e-10,  2.46025902e-12,
       -3.84755666e-11, -4.80180155e-16,  9.43542023e-10,  4.94160097e-06,
       -9.61024282e-07, -5.74806249e-10,  3.28861841e-10])]

After Crossover: 

[-1.90166153e-09 -1.25532867e-12 -1.94229038e-10  2.44641583e-12
 -3.86796059e-11 -2.65376733e-16  9.57505038e-10  4.95491589e-06
 -1.36669447e-06 -8.83982625e-10  3.28730852e-10]
[-1.94868536e-09 -6.68923873e-13 -1.63942034e-10  2.71582316e-12
 -3.85523664e-11 -6.13259229e-16  6.00647957e-10  4.95110148e-06
 -1.47022417e-06 -1.10762779e-09  3.29355951e-10]
[-1.27853756e-09 -1.04823604e-12 -3.01468770e-10  1.27667332e-12
 -3.73525755e-11 -8.83485190e-16  8.94028384e-10  6.46346482e-07
 -9.58345856e-07 -6.25123882e-10  1.45077250e-10]
[-2.67648231e-09 -8.84050145e-13 -1.03747452e-10  1.43566593e-12
 -3.85251820e-11 -6.18260734e-16  2.23635413e-10  7.45600746e-06
 -9.65379787e-07 -6.87962545e-10  2.27433793e-10]
[-1.32859412e-09 -1.03050592e-12 -6.28932079e-11  3.00036716e-12
 -2.82168825e-11  1.88603906e-16  1.17608851e-09  5.58571818e-06
 -6.75044058e-07 -9.31922358e-10  3.19526652e-10]
[-3.02825297e-09 -8.22600904e-13 -5.80195235e-10  2.99687647e-12
 -4.00337712e-11 -7.19398683e-16 -2.34588650e-11  3.00429772e-06
 -1.31235026e-06 -1.73773567e-09  3.69084567e-10]
[-2.19138070e-09 -1.06724084e-12 -1.56440882e-10  1.97965241e-12
 -4.35637027e-11 -6.95440387e-16  7.19514693e-10  8.72916824e-07
 -7.43837629e-07 -7.64405587e-10  3.59983283e-10]
[-1.93053689e-09 -6.70714647e-13 -2.60764858e-10  2.49228928e-12
 -2.54667678e-11 -3.38259194e-16  1.24758552e-09  4.12369470e-06
 -8.20445690e-07 -2.80234023e-10  3.28820734e-10]

After Mutation: 

[-1.90166153e-09 -1.25532867e-12 -1.94229038e-10  2.44641583e-12
 -3.86796059e-11 -2.65376733e-16  9.57505038e-10  4.95491589e-06
 -1.36669447e-06 -8.83982625e-10  3.28730852e-10]
[-1.94868536e-09 -6.68923873e-13 -1.63942034e-10  2.71582316e-12
 -3.85523664e-11 -6.13259229e-16  6.00647957e-10  4.95110148e-06
 -1.47022417e-06 -1.10762779e-09  3.29355951e-10]
[-1.27853756e-09 -1.04823604e-12 -3.01468770e-10  1.27667332e-12
 -3.73525755e-11 -8.83485190e-16  8.94028384e-10  6.46346482e-07
 -9.58345856e-07 -6.25123882e-10  1.45077250e-10]
[-2.67648231e-09 -8.84050145e-13 -1.03747452e-10  1.43566593e-12
 -3.85251820e-11 -6.18260734e-16  2.23635413e-10  7.45600746e-06
 -9.65379787e-07 -6.87962545e-10  2.27433793e-10]
[-1.32859412e-09 -1.03050592e-12 -6.28932079e-11  3.00036716e-12
 -2.82168825e-11  1.88603906e-16  1.17608851e-09  5.58571818e-06
 -6.75044058e-07 -9.31922358e-10  3.19526652e-10]
[-3.02825297e-09 -8.22600904e-13 -5.80195235e-10  2.99687647e-12
 -4.00337712e-11 -7.19398683e-16 -2.34588650e-11  3.00429772e-06
 -1.31235026e-06 -1.73773567e-09  3.69084567e-10]
[-2.19138070e-09 -1.06724084e-12 -1.56440882e-10  1.97965241e-12
 -4.35637027e-11 -6.95440387e-16  7.19514693e-10  8.72916824e-07
 -7.43837629e-07 -7.64405587e-10  3.59983283e-10]
[-1.93053689e-09 -6.70714647e-13 -2.60764858e-10  2.49228928e-12
 -2.54667678e-11 -3.38259194e-16  1.24758552e-09  4.12369470e-06
 -8.20445690e-07 -2.80234023e-10  3.28820734e-10]

 New Generation:

[ -1.908068490415351e-09, -1.0105657652151777e-12, -1.5902244489353608e-10, 2.4485930926939046e-12, -3.8678577559804666e-11, -1.6158788210439386e-16, 9.546210412582385e-10, 4.954885066859329e-06, -9.618414654424163e-07, -8.823451601417064e-10, 3.2873590386967103e-10, ]
[ -1.9370569804819366e-09, -6.709992011532944e-13, -1.638313571764157e-10, 2.460259015690219e-12, -3.847556664914995e-11, -4.801801548180586e-16, 9.4354202262542e-10, 4.941600970701166e-06, -9.610242821743537e-07, -5.748062493555154e-10, 3.288618413799509e-10, ]
[ -1.9305368860572244e-09, -6.707146473827386e-13, -2.6076485780090335e-10, 2.492289279417966e-12, -2.5466767774728235e-11, -3.382591939296375e-16, 1.2475855166777723e-09, 4.123694703734771e-06, -8.204456902756986e-07, -2.802340226099471e-10, 3.288207341824985e-10, ]
[ -2.1913806973528394e-09, -1.0672408433455893e-12, -1.5644088181876484e-10, 1.9796524126261258e-12, -4.356370267219834e-11, -6.954403872959568e-16, 7.195146933714305e-10, 8.729168242176841e-07, -7.438376287843037e-07, -7.644055870893557e-10, 3.5998328332166117e-10, ]
[ -2.6764823085216864e-09, -8.840501449984582e-13, -1.0374745195526071e-10, 1.435665934398383e-12, -3.852518202463308e-11, -6.182607337238865e-16, 2.2363541279849355e-10, 7.456007463873016e-06, -9.6537978748827e-07, -6.879625453816282e-10, 2.274337929451291e-10, ]
[ -1.3285941173426252e-09, -1.0305059210246153e-12, -6.289320794871521e-11, 3.0003671557218143e-12, -2.821688252945763e-11, 1.8860390611269692e-16, 1.1760885051298337e-09, 5.585718183696594e-06, -6.750440577639225e-07, -9.319223575757243e-10, 3.1952665234934933e-10, ]
[ -3.028252974772846e-09, -8.226009040852744e-13, -5.801952354912796e-10, 2.9968764723783456e-12, -4.003377124037922e-11, -7.193986833830633e-16, -2.3458865011655957e-11, 3.0042977221979484e-06, -1.3123502630623023e-06, -1.7377356674931237e-09, 3.69084566622053e-10, ]
[ -1.9016615285391186e-09, -1.2553286650899155e-12, -1.9422903830012032e-10, 2.4464158348338107e-12, -3.867960586561829e-11, -2.653767328690752e-16, 9.57505038097914e-10, 4.954915893663387e-06, -1.366694473270955e-06, -8.839826254956976e-10, 3.287308520322378e-10, ]
[ -1.2785375601089507e-09, -1.0482360370233274e-12, -3.014687701343127e-10, 1.2766733200750613e-12, -3.735257552890226e-11, -8.834851899052142e-16, 8.940283840670799e-10, 6.463464816873776e-07, -9.583458558665168e-07, -6.251238822522119e-10, 1.4507725034290853e-10, ]
[ -1.9486853556294757e-09, -6.689238730529442e-13, -1.6394203408326005e-10, 2.7158231639552537e-12, -3.855236640177538e-11, -6.13259228690951e-16, 6.006479565311347e-10, 4.951101477788047e-06, -1.470224166880271e-06, -1.1076277948316839e-09, 3.293559511787351e-10, ]



